1 0 0 0
2 0.3 0 0
3 0.6 0 0
4 0.8999999999999999 0 0
5 0.0009988988635549845 0 0
6 0.001996134895861983 0 0
7 0.002991710795654041 0 0
8 0.003985629270603454 0 0
9 0.004977893037366235 0 0
10 0.005968504821626909 0 0
11 0.006957467358143585 0 0
12 0.007944783390793337 0 0
13 0.008930455672617885 0 0
14 0.009914486965869456 0 0
15 0.01089688004205738 0 0
16 0.01187763768199473 0 0
17 0.01285676267584483 0 0
18 0.01383425729112581 0 0
19 0.01481012459260723 0 0
20 0.01578436757050972 0 0
21 0.01675698808100356 0 0
22 0.017727989785238 0 0
23 0.01869737456391029 0 0
24 0.01966514593886396 0 0
25 0.02063130560726375 0 0
26 0.02159585707257946 0 0
27 0.02255880292149367 0 0
28 0.02352014518084244 0 0
29 0.02447988711424255 0 0
30 0.02543803132351628 0 0
31 0.02639458041910923 0 0
32 0.02734953702013321 0 0
33 0.02830290375440946 0 0
34 0.02925468325851219 0 0
35 0.03020487817781237 0 0
36 0.03115349116652188 0 0
37 0.03210052488773783 0 0
38 0.03304598201348725 0 0
39 0.03398986522477217 0 0
40 0.03493217692993196 0 0
41 0.03587291965053045 0 0
42 0.03681209644964405 0 0
43 0.03774970961192976 0 0
44 0.03868576167739275 0 0
45 0.0396202556484379 0 0
46 0.04055319350395728 0 0
47 0.0414845784364351 0 0
48 0.04241441267604029 0 0
49 0.04334269879058093 0 0
50 0.04426943971936896 0 0
51 0.04519463766520842 0 0
52 0.04611829513437427 0 0
53 0.04704041498414076 0 0
54 0.04796099972008826 0 0
55 0.0488800518561078 0 0
56 0.04979757391444252 0 0
57 0.05071356842572936 0 0
58 0.05162803792904094 0 0
59 0.05254098497192792 0 0
60 0.05345241211046149 0 0
61 0.05436232190927623 0 0
62 0.05527071694161309 0 0
63 0.05617759978936297 0 0
64 0.0570829724149533 0 0
65 0.05798683788502099 0 0
66 0.0588891988640184 0 0
67 0.05979005714223614 0 0
68 0.0606894158983636 0 0
69 0.06158727729474692 0 0
70 0.06248364394683104 0 0
71 0.06337851820782844 0 0
72 0.06427190294231364 0 0
73 0.065163799879612 0 0
74 0.06605421224887247 0 0
75 0.06694314242751834 0 0
76 0.06783059222780881 0 0
77 0.06871656470087079 0 0
78 0.0696010622629975 0 0
79 0.07048408732353693 0 0
80 0.07136564229983519 0 0
81 0.07224572961727639 0 0
82 0.07312435170932283 0 0
83 0.07400151101755537 0 0
84 0.07487720999171421 0 0
85 0.07575145108973984 0 0
86 0.07662423677781412 0 0
87 0.07749556953040211 0 0
88 0.07836545157131274 0 0
89 0.07923388517278013 0 0
90 0.08010087320795671 0 0
91 0.08096641798552363 0 0
92 0.08183052137309325 0 0
93 0.08269318663752261 0 0
94 0.08355441525371052 0 0
95 0.08441421051996595 0 0
96 0.08527257390398077 0 0
97 0.08612950871548332 0 0
98 0.08698501650550695 0 0
99 0.08783910011189609 0 0
100 0.08869176204437843 0 0
101 0.08954300426690817 0 0
102 0.09039282916210556 0 0
103 0.09124123935140671 0 0
104 0.09208823713962727 0 0
105 0.09293382483922712 0 0
106 0.09377800477034839 0 0
107 0.09462077926085406 0 0
108 0.09546215064636622 0 0
109 0.09630212127030509 0 0
110 0.09714069348392825 0 0
111 0.0979778696463698 0 0
112 0.09881365212468023 0 0
113 0.09964804329386617 0 0
114 0.1004810450064337 0 0
115 0.1013126599299527 0 0
116 0.1021428906130295 0 0
117 0.1029717389632526 0 0
118 0.1037992072998691 0 0
119 0.104625298449452 0 0
120 0.1054500137143845 0 0
121 0.1062733565643642 0 0
122 0.1070953280942509 0 0
123 0.1079159316051327 0 0
124 0.1087351687990947 0 0
125 0.1095530419914498 0 0
126 0.1103695538313545 0 0
127 0.1111847062667924 0 0
128 0.1119985013313998 0 0
129 0.1128109416979261 0 0
130 0.1136220295660055 0 0
131 0.1144317671425597 0 0
132 0.1152401566418338 0 0
133 0.1160472002854326 0 0
134 0.116852900302358 0 0
135 0.117657258929045 0 0
136 0.1184602784094 0 0
137 0.1192619609948374 0 0
138 0.1200623089443181 0 0
139 0.1208613245243872 0 0
140 0.1216590100092121 0 0
141 0.1224553672534713 0 0
142 0.1232503985835304 0 0
143 0.1240441065823789 0 0
144 0.1248364931835919 0 0
145 0.1256275603144047 0 0
146 0.1264173109459239 0 0
147 0.1272057461718956 0 0
148 0.1279928693557892 0 0
149 0.1287786815652572 0 0
150 0.129563186079451 0 0
151 0.1303463840212584 0 0
152 0.131128278301421 0 0
153 0.1319088711600646 0 0
154 0.1326881638903911 0 0
155 0.1334661594255865 0 0
156 0.1342428598760538 0 0
157 0.1350182673349484 0 0
158 0.1357923837944115 0 0
159 0.1365652112781127 0 0
160 0.1373367521922307 0 0
161 0.1381070086581585 0 0
162 0.1388759828043532 0 0
163 0.1396436767663719 0 0
164 0.1404100926869067 0 0
165 0.1411752327158207 0 0
166 0.1419390986695595 0 0
167 0.1427016928766963 0 0
168 0.1434630175816153 0 0
169 0.1442230749628777 0 0
170 0.1449818671224538 0 0
171 0.1457393954931303 0 0
172 0.1464956630151298 0 0
173 0.1472506716741607 0 0
174 0.1480044228904913 0 0
175 0.148756919798176 0 0
176 0.1495081633459661 0 0
177 0.1502581567808634 0 0
178 0.1510069010051214 0 0
179 0.1517543992458774 0 0
180 0.1525006526026972 0 0
181 0.1532456637059634 0 0
182 0.1539894347998141 0 0
183 0.1547319672106733 0 0
184 0.1554732634752519 0 0
185 0.156213325764545 0 0
186 0.1569521560701799 0 0
187 0.157689756390368 0 0
188 0.1584261284581661 0 0
189 0.1591612746018318 0 0
190 0.1598951968956066 0 0
191 0.1606278973647069 0 0
192 0.1613593780411014 0 0
193 0.1620896409635449 0 0
194 0.1628186881776119 0 0
195 0.1635465214602582 0 0
196 0.1642731429337948 0 0
197 0.164998554773466 0 0
198 0.1657227590521226 0 0
199 0.1664457578496079 0 0
200 0.1671675525979108 0 0
201 0.1678881456971365 0 0
202 0.1686075394918064 0 0
203 0.1693257352222266 0 0
204 0.1700427354233619 0 0
205 0.1707585420793394 0 0
206 0.171473156755212 0 0
207 0.172186582027108 0 0
208 0.1728988192998157 0 0
209 0.1736098709293814 0 0
210 0.1743197389753874 0 0
211 0.1750284247562811 0 0
212 0.1757359310562096 0 0
213 0.1764422595852731 0 0
214 0.1771474117242247 0 0
215 0.1778513901047701 0 0
216 0.1785541966140628 0 0
217 0.1792558331454876 0 0
218 0.1799563015771654 0 0
219 0.1806556035522844 0 0
220 0.181353741368208 0 0
221 0.1820507169438924 0 0
222 0.1827465322046832 0 0
223 0.1834411890823476 0 0
224 0.1841346895151065 0 0
225 0.1848270354476665 0 0
226 0.1855182284573096 0 0
227 0.186208270739447 0 0
228 0.1868971642911978 0 0
229 0.187584911083192 0 0
230 0.1882715130927094 0 0
231 0.1889569716023772 0 0
232 0.1896412889795581 0 0
233 0.1903244674410407 0 0
234 0.1910065081743863 0 0
235 0.1916874134855019 0 0
236 0.1923671854993976 0 0
237 0.1930458253097774 0 0
238 0.1937233358753308 0 0
239 0.194399717885588 0 0
240 0.1950749743224466 0 0
241 0.195749106284687 0 0
242 0.1964221159615259 0 0
243 0.1970940056143412 0 0
244 0.1977647760148828 0 0
245 0.1984344299527833 0 0
246 0.1991029692668604 0 0
247 0.1997703955231139 0 0
248 0.2004367102784588 0 0
249 0.2011019158646254 0 0
250 0.2017660140787342 0 0
251 0.2024290067238551 0 0
252 0.2030908956090369 0 0
253 0.2037516825493372 0 0
254 0.2044113693658523 0 0
255 0.2050699578857473 0 0
256 0.2057274499422871 0 0
257 0.2063838473748658 0 0
258 0.2070391520290388 0 0
259 0.2076933657565528 0 0
260 0.2083464904153776 0 0
261 0.2089985278697375 0 0
262 0.209649479400779 0 0
263 0.2102993471880048 0 0
264 0.210948133296493 0 0
265 0.2115958395362373 0 0
266 0.212242466775663 0 0
267 0.2128880179173963 0 0
268 0.2135324943860561 0 0
269 0.2141758975651684 0 0
270 0.2148182301786604 0 0
271 0.2154594926577266 0 0
272 0.2160996882979731 0 0
273 0.2167388173880226 0 0
274 0.217376882982937 0 0
275 0.2180138860439397 0 0
276 0.2186498285678896 0 0
277 0.2192847127787301 0 0
278 0.2199185394835252 0 0
279 0.2205513110721046 0 0
280 0.2211830294480859 0 0
281 0.2218136962900667 0 0
282 0.2224433126236335 0 0
283 0.223071880870563 0 0
284 0.2236994027524464 0 0
285 0.2243258799704814 0 0
286 0.2249513142315044 0 0
287 0.2255757072480179 0 0
288 0.2261990607382192 0 0
289 0.2268213764260288 0 0
290 0.2274426560411186 0 0
291 0.2280629013189418 0 0
292 0.2286821140007603 0 0
293 0.2293002958336755 0 0
294 0.2299174485706572 0 0
295 0.2305335739705724 0 0
296 0.2311486734338265 0 0
297 0.2317627486156771 0 0
298 0.2323758016680696 0 0
299 0.2329878343734081 0 0
300 0.2335988478096126 0 0
301 0.2342088439333727 0 0
302 0.2348178249876088 0 0
303 0.2354257916517152 0 0
304 0.2360327464203565 0 0
305 0.2366386907630759 0 0
306 0.2372436260982683 0 0
307 0.2378475545901271 0 0
308 0.2384504773897088 0 0
309 0.2390523965444537 0 0
310 0.2396533137524143 0 0
311 0.2402532301274459 0 0
312 0.2408521482464636 0 0
313 0.2414500689312051 0 0
314 0.2420469940887357 0 0
315 0.2426429257744282 0 0
316 0.2432378655032983 0 0
317 0.2438318141444161 0 0
318 0.2444247741460798 0 0
319 0.2450167470967744 0 0
320 0.2456077345902286 0 0
321 0.2461977382254406 0 0
322 0.2467867596067052 0 0
323 0.2473748003436394 0 0
324 0.2479618620058279 0 0
325 0.2485479462890035 0 0
326 0.2491330548650238 0 0
327 0.2497171892281869 0 0
328 0.2503003510758761 0 0
329 0.2508825420502058 0 0
330 0.2514637637988031 0 0
331 0.2520440179748347 0 0
332 0.2526233062370347 0 0
333 0.2532016302497334 0 0
334 0.2537789911340932 0 0
335 0.2543553906518346 0 0
336 0.2549308308416772 0 0
337 0.2555053133841279 0 0
338 0.2560788386621803 0 0
339 0.2566514095831972 0 0
340 0.2572230274731048 0 0
341 0.257793693161658 0 0
342 0.2583634095140429 0 0
343 0.2589321765784807 0 0
344 0.2594999974753422 0 0
345 0.2600668723694002 0 0
346 0.2606328043135023 0 0
347 0.2611977931538812 0 0
348 0.2617618420705113 0 0
349 0.2623249516359596 0 0
350 0.2628871236510363 0 0
351 0.2634483601929041 0 0
352 0.2640086619379912 0 0
353 0.2645680308221274 0 0
354 0.2651264687282968 0 0
355 0.2656839771321174 0 0
356 0.2662405569428837 0 0
357 0.2667962100908787 0 0
358 0.2673509382920926 0 0
359 0.267904743042012 0 0
360 0.2684576258410716 0 0
361 0.2690095881946776 0 0
362 0.2695606316132329 0 0
363 0.2701107576121619 0 0
364 0.2706599677119358 0 0
365 0.2712082634380979 0 0
366 0.2717556463212882 0 0
367 0.2723021178972704 0 0
368 0.2728476797069562 0 0
369 0.2733923332964322 0 0
370 0.2739360802169857 0 0
371 0.2744789220251312 0 0
372 0.2750208598821428 0 0
373 0.275561895220667 0 0
374 0.2761020300429645 0 0
375 0.2766412659263675 0 0
376 0.2771796038347985 0 0
377 0.2777170452434648 0 0
378 0.2782535923710974 0 0
379 0.2787892460021855 0 0
380 0.2793240077053769 0 0
381 0.2798578797728785 0 0
382 0.2803908620663639 0 0
383 0.2809229579102285 0 0
384 0.2814541671411726 0 0
385 0.2819844927776614 0 0
386 0.282513934694845 0 0
387 0.2830424960163047 0 0
388 0.2835701765711333 0 0
389 0.2840969790851556 0 0
390 0.2846229046932921 0 0
391 0.2851479541846228 0 0
392 0.2856721300137567 0 0
393 0.2861954333573256 0 0
394 0.2867178648131617 0 0
395 0.2872394268033239 0 0
396 0.2877601207032409 0 0
397 0.2882799478928582 0 0
398 0.2887989091725046 0 0
399 0.2893170064618103 0 0
400 0.2898342413076974 0 0
401 0.2903506151087327 0 0
402 0.2908661292681142 0 0
403 0.2913807855873987 0 0
404 0.2918945846604685 0 0
405 0.2924075283548494 0 0
406 0.2929196180925809 0 0
407 0.2934308553004517 0 0
408 0.2939412414100215 0 0
409 0.2944507777901417 0 0
410 0.2949594657763447 0 0
411 0.2954673069360757 0 0
412 0.2959743027200513 0 0
413 0.2964804543473628 0 0
414 0.296985763304829 0 0
415 0.2974902311416423 0 0
416 0.2979938589263365 0 0
417 0.2984966484426192 0 0
418 0.2989986007460165 0 0
419 0.2994997174483081 0 0
420 0.300500000000001 0 0
421 0.3010000000000021 0 0
422 0.3015000000000032 0 0
423 0.3020000000000042 0 0
424 0.3025000000000045 0 0
425 0.3030000000000033 0 0
426 0.303500000000002 0 0
427 0.3040000000000007 0 0
428 0.3044999999999994 0 0
429 0.3049999999999982 0 0
430 0.3054999999999969 0 0
431 0.3059999999999957 0 0
432 0.3064999999999944 0 0
433 0.3069999999999931 0 0
434 0.3074999999999919 0 0
435 0.3079999999999906 0 0
436 0.3084999999999893 0 0
437 0.3089999999999881 0 0
438 0.3094999999999874 0 0
439 0.3099999999999885 0 0
440 0.3104999999999895 0 0
441 0.3109999999999905 0 0
442 0.3114999999999916 0 0
443 0.3119999999999926 0 0
444 0.3124999999999937 0 0
445 0.3129999999999947 0 0
446 0.3134999999999958 0 0
447 0.3139999999999968 0 0
448 0.3144999999999958 0 0
449 0.3149999999999946 0 0
450 0.3154999999999933 0 0
451 0.3159999999999921 0 0
452 0.3164999999999908 0 0
453 0.3169999999999895 0 0
454 0.3174999999999882 0 0
455 0.317999999999987 0 0
456 0.3184999999999857 0 0
457 0.3189999999999845 0 0
458 0.3194999999999832 0 0
459 0.3199999999999819 0 0
460 0.3204999999999807 0 0
461 0.3209999999999794 0 0
462 0.32149999999998 0 0
463 0.3219999999999811 0 0
464 0.3224999999999821 0 0
465 0.3229999999999832 0 0
466 0.3234999999999842 0 0
467 0.3239999999999852 0 0
468 0.3244999999999863 0 0
469 0.3249999999999874 0 0
470 0.3254999999999884 0 0
471 0.3259999999999885 0 0
472 0.3264999999999872 0 0
473 0.3269999999999859 0 0
474 0.3274999999999846 0 0
475 0.3279999999999834 0 0
476 0.3284999999999821 0 0
477 0.3289999999999809 0 0
478 0.3294999999999796 0 0
479 0.3299999999999783 0 0
480 0.3304999999999771 0 0
481 0.3309999999999758 0 0
482 0.3314999999999745 0 0
483 0.3319999999999733 0 0
484 0.332499999999972 0 0
485 0.3329999999999708 0 0
486 0.3334999999999695 0 0
487 0.3339999999999682 0 0
488 0.3344999999999669 0 0
489 0.3349999999999657 0 0
490 0.3354999999999644 0 0
491 0.3359999999999632 0 0
492 0.3364999999999619 0 0
493 0.3369999999999606 0 0
494 0.3374999999999594 0 0
495 0.3379999999999581 0 0
496 0.3384999999999568 0 0
497 0.3389999999999556 0 0
498 0.3394999999999543 0 0
499 0.3399999999999531 0 0
500 0.3404999999999518 0 0
501 0.3409999999999505 0 0
502 0.3414999999999492 0 0
503 0.341999999999948 0 0
504 0.3424999999999467 0 0
505 0.3429999999999455 0 0
506 0.3434999999999442 0 0
507 0.3439999999999429 0 0
508 0.3444999999999417 0 0
509 0.3449999999999382 0 0
510 0.3454999999999346 0 0
511 0.3459999999999311 0 0
512 0.3464999999999275 0 0
513 0.3469999999999239 0 0
514 0.3474999999999203 0 0
515 0.3479999999999168 0 0
516 0.3484999999999132 0 0
517 0.3489999999999096 0 0
518 0.3494999999999073 0 0
519 0.3499999999999061 0 0
520 0.3504999999999048 0 0
521 0.3509999999999036 0 0
522 0.3514999999999023 0 0
523 0.351999999999901 0 0
524 0.3524999999998997 0 0
525 0.3529999999998985 0 0
526 0.3534999999998972 0 0
527 0.353999999999896 0 0
528 0.3544999999998947 0 0
529 0.3549999999998934 0 0
530 0.3554999999998922 0 0
531 0.3559999999998909 0 0
532 0.3564999999998885 0 0
533 0.3569999999998849 0 0
534 0.3574999999998813 0 0
535 0.3579999999998778 0 0
536 0.3584999999998741 0 0
537 0.3589999999998706 0 0
538 0.359499999999867 0 0
539 0.3599999999998634 0 0
540 0.3604999999998598 0 0
541 0.3609999999998566 0 0
542 0.3614999999998553 0 0
543 0.3619999999998541 0 0
544 0.3624999999998528 0 0
545 0.3629999999998515 0 0
546 0.3634999999998502 0 0
547 0.363999999999849 0 0
548 0.3644999999998477 0 0
549 0.3649999999998465 0 0
550 0.3654999999998452 0 0
551 0.3659999999998439 0 0
552 0.3664999999998427 0 0
553 0.3669999999998414 0 0
554 0.3674999999998401 0 0
555 0.3679999999998387 0 0
556 0.3684999999998351 0 0
557 0.3689999999998316 0 0
558 0.369499999999828 0 0
559 0.3699999999998244 0 0
560 0.3704999999998208 0 0
561 0.3709999999998173 0 0
562 0.3714999999998137 0 0
563 0.3719999999998101 0 0
564 0.3724999999998065 0 0
565 0.3729999999998045 0 0
566 0.3734999999998033 0 0
567 0.373999999999802 0 0
568 0.3744999999998008 0 0
569 0.3749999999997995 0 0
570 0.3754999999997982 0 0
571 0.3759999999997969 0 0
572 0.3764999999997957 0 0
573 0.3769999999997944 0 0
574 0.3774999999997931 0 0
575 0.3779999999997919 0 0
576 0.3784999999997906 0 0
577 0.3789999999997894 0 0
578 0.3794999999997881 0 0
579 0.3799999999997854 0 0
580 0.3804999999997818 0 0
581 0.3809999999997782 0 0
582 0.3814999999997746 0 0
583 0.3819999999997711 0 0
584 0.3824999999997675 0 0
585 0.3829999999997639 0 0
586 0.3834999999997604 0 0
587 0.3839999999997568 0 0
588 0.3844999999997538 0 0
589 0.3849999999997525 0 0
590 0.3854999999997513 0 0
591 0.38599999999975 0 0
592 0.3864999999997487 0 0
593 0.3869999999997474 0 0
594 0.3874999999997462 0 0
595 0.3879999999997449 0 0
596 0.3884999999997437 0 0
597 0.3889999999997424 0 0
598 0.3894999999997411 0 0
599 0.3899999999997399 0 0
600 0.3904999999997386 0 0
601 0.3909999999997373 0 0
602 0.3914999999997356 0 0
603 0.3919999999997321 0 0
604 0.3924999999997285 0 0
605 0.3929999999997249 0 0
606 0.3934999999997213 0 0
607 0.3939999999997177 0 0
608 0.3944999999997142 0 0
609 0.3949999999997106 0 0
610 0.395499999999707 0 0
611 0.3959999999997034 0 0
612 0.3964999999997017 0 0
613 0.3969999999997005 0 0
614 0.3974999999996992 0 0
615 0.3979999999996979 0 0
616 0.3984999999996967 0 0
617 0.3989999999996954 0 0
618 0.3994999999996942 0 0
619 0.3999999999996929 0 0
620 0.4004999999996916 0 0
621 0.4009999999996903 0 0
622 0.4014999999996891 0 0
623 0.4019999999996878 0 0
624 0.4024999999996866 0 0
625 0.4029999999996853 0 0
626 0.4034999999996823 0 0
627 0.4039999999996787 0 0
628 0.4044999999996751 0 0
629 0.4049999999996716 0 0
630 0.405499999999668 0 0
631 0.4059999999996644 0 0
632 0.4064999999996608 0 0
633 0.4069999999996573 0 0
634 0.4074999999996537 0 0
635 0.407999999999651 0 0
636 0.4084999999996497 0 0
637 0.4089999999996484 0 0
638 0.4094999999996472 0 0
639 0.4099999999996459 0 0
640 0.4104999999996462 0 0
641 0.4109999999996473 0 0
642 0.4114999999996483 0 0
643 0.4119999999996494 0 0
644 0.4124999999996504 0 0
645 0.4129999999996515 0 0
646 0.4134999999996525 0 0
647 0.4139999999996535 0 0
648 0.4144999999996546 0 0
649 0.4149999999996542 0 0
650 0.4154999999996507 0 0
651 0.4159999999996471 0 0
652 0.4164999999996435 0 0
653 0.4169999999996399 0 0
654 0.4174999999996363 0 0
655 0.4179999999996328 0 0
656 0.4184999999996292 0 0
657 0.4189999999996256 0 0
658 0.419499999999622 0 0
659 0.4199999999996206 0 0
660 0.4204999999996193 0 0
661 0.4209999999996181 0 0
662 0.4214999999996169 0 0
663 0.4219999999996161 0 0
664 0.4224999999996172 0 0
665 0.4229999999996182 0 0
666 0.4234999999996193 0 0
667 0.4239999999996204 0 0
668 0.4244999999996214 0 0
669 0.4249999999996225 0 0
670 0.4254999999996235 0 0
671 0.4259999999996245 0 0
672 0.4264999999996256 0 0
673 0.4269999999996226 0 0
674 0.427499999999619 0 0
675 0.4279999999996154 0 0
676 0.4284999999996119 0 0
677 0.4289999999996083 0 0
678 0.4294999999996046 0 0
679 0.4299999999996011 0 0
680 0.4304999999995975 0 0
681 0.4309999999995939 0 0
682 0.4314999999995915 0 0
683 0.4319999999995903 0 0
684 0.432499999999589 0 0
685 0.4329999999995877 0 0
686 0.4334999999995865 0 0
687 0.4339999999995871 0 0
688 0.4344999999995881 0 0
689 0.4349999999995892 0 0
690 0.4354999999995902 0 0
691 0.4359999999995913 0 0
692 0.4364999999995923 0 0
693 0.4369999999995934 0 0
694 0.4374999999995944 0 0
695 0.4379999999995955 0 0
696 0.4384999999995946 0 0
697 0.4389999999995909 0 0
698 0.4394999999995873 0 0
699 0.4399999999995838 0 0
700 0.4404999999995802 0 0
701 0.4409999999995766 0 0
702 0.441499999999573 0 0
703 0.4419999999995695 0 0
704 0.4424999999995659 0 0
705 0.4429999999995625 0 0
706 0.4434999999995612 0 0
707 0.44399999999956 0 0
708 0.4444999999995587 0 0
709 0.4449999999995574 0 0
710 0.445499999999557 0 0
711 0.4459999999995581 0 0
712 0.4464999999995591 0 0
713 0.4469999999995602 0 0
714 0.4474999999995613 0 0
715 0.4479999999995639 0 0
716 0.4484999999995672 0 0
717 0.4489999999995705 0 0
718 0.4494999999995739 0 0
719 0.4499999999995773 0 0
720 0.4504999999995783 0 0
721 0.4509999999995794 0 0
722 0.4514999999995805 0 0
723 0.4519999999995815 0 0
724 0.4524999999995818 0 0
725 0.4529999999995805 0 0
726 0.4534999999995792 0 0
727 0.453999999999578 0 0
728 0.4544999999995768 0 0
729 0.454999999999577 0 0
730 0.455499999999578 0 0
731 0.455999999999579 0 0
732 0.4564999999995801 0 0
733 0.4569999999995812 0 0
734 0.4574999999995844 0 0
735 0.4579999999995877 0 0
736 0.458499999999591 0 0
737 0.4589999999995944 0 0
738 0.4594999999995978 0 0
739 0.4599999999996012 0 0
740 0.4604999999996045 0 0
741 0.4609999999996078 0 0
742 0.4614999999996112 0 0
743 0.4619999999996133 0 0
744 0.4624999999996143 0 0
745 0.4629999999996154 0 0
746 0.4634999999996164 0 0
747 0.4639999999996174 0 0
748 0.4644999999996165 0 0
749 0.4649999999996152 0 0
750 0.465499999999614 0 0
751 0.4659999999996127 0 0
752 0.4664999999996119 0 0
753 0.466999999999613 0 0
754 0.467499999999614 0 0
755 0.467999999999615 0 0
756 0.4684999999996161 0 0
757 0.4689999999996183 0 0
758 0.4694999999996217 0 0
759 0.4699999999996251 0 0
760 0.4704999999996283 0 0
761 0.4709999999996317 0 0
762 0.4714999999996351 0 0
763 0.4719999999996384 0 0
764 0.4724999999996418 0 0
765 0.4729999999996452 0 0
766 0.4734999999996482 0 0
767 0.4739999999996493 0 0
768 0.4744999999996503 0 0
769 0.4749999999996514 0 0
770 0.4754999999996524 0 0
771 0.4759999999996525 0 0
772 0.4764999999996512 0 0
773 0.4769999999996499 0 0
774 0.4774999999996487 0 0
775 0.4779999999996474 0 0
776 0.4784999999996479 0 0
777 0.4789999999996489 0 0
778 0.47949999999965 0 0
779 0.479999999999651 0 0
780 0.4804999999996522 0 0
781 0.4809999999996556 0 0
782 0.4814999999996589 0 0
783 0.4819999999996623 0 0
784 0.4824999999996656 0 0
785 0.482999999999669 0 0
786 0.4834999999996724 0 0
787 0.4839999999996757 0 0
788 0.4844999999996791 0 0
789 0.4849999999996825 0 0
790 0.4854999999996842 0 0
791 0.4859999999996852 0 0
792 0.4864999999996863 0 0
793 0.4869999999996874 0 0
794 0.4874999999996884 0 0
795 0.4879999999996871 0 0
796 0.4884999999996859 0 0
797 0.4889999999996846 0 0
798 0.4894999999996834 0 0
799 0.4899999999996828 0 0
800 0.4904999999996839 0 0
801 0.4909999999996849 0 0
802 0.491499999999686 0 0
803 0.491999999999687 0 0
804 0.4924999999996895 0 0
805 0.4929999999996929 0 0
806 0.4934999999996962 0 0
807 0.4939999999996996 0 0
808 0.494499999999703 0 0
809 0.4949999999997063 0 0
810 0.4954999999997097 0 0
811 0.495999999999713 0 0
812 0.4964999999997164 0 0
813 0.4969999999997192 0 0
814 0.4974999999997202 0 0
815 0.4979999999997213 0 0
816 0.4984999999997223 0 0
817 0.4989999999997233 0 0
818 0.4994999999997218 0 0
819 0.4999999999997182 0 0
820 0.5004999999997146 0 0
821 0.500999999999711 0 0
822 0.5014999999997075 0 0
823 0.5019999999997059 0 0
824 0.5024999999997047 0 0
825 0.5029999999997035 0 0
826 0.5034999999997022 0 0
827 0.5039999999997018 0 0
828 0.5044999999997051 0 0
829 0.5049999999997085 0 0
830 0.5054999999997119 0 0
831 0.5059999999997151 0 0
832 0.5064999999997185 0 0
833 0.5069999999997219 0 0
834 0.5074999999997253 0 0
835 0.5079999999997287 0 0
836 0.5084999999997319 0 0
837 0.5089999999997316 0 0
838 0.5094999999997303 0 0
839 0.5099999999997291 0 0
840 0.5104999999997278 0 0
841 0.5109999999997259 0 0
842 0.5114999999997201 0 0
843 0.5119999999997142 0 0
844 0.5124999999997083 0 0
845 0.5129999999997024 0 0
846 0.5134999999996985 0 0
847 0.5139999999996974 0 0
848 0.514499999999696 0 0
849 0.5149999999996948 0 0
850 0.5154999999996935 0 0
851 0.5159999999996957 0 0
852 0.5164999999996991 0 0
853 0.5169999999997025 0 0
854 0.5174999999997058 0 0
855 0.5179999999997091 0 0
856 0.5184999999997125 0 0
857 0.5189999999997159 0 0
858 0.5194999999997192 0 0
859 0.5199999999997226 0 0
860 0.5204999999997242 0 0
861 0.5209999999997229 0 0
862 0.5214999999997216 0 0
863 0.5219999999997205 0 0
864 0.5224999999997192 0 0
865 0.5229999999997147 0 0
866 0.5234999999997088 0 0
867 0.5239999999997029 0 0
868 0.5244999999996971 0 0
869 0.5249999999996912 0 0
870 0.5254999999996899 0 0
871 0.5259999999996887 0 0
872 0.5264999999996873 0 0
873 0.5269999999996862 0 0
874 0.5274999999996863 0 0
875 0.5279999999996896 0 0
876 0.528499999999693 0 0
877 0.5289999999996964 0 0
878 0.5294999999996997 0 0
879 0.529999999999703 0 0
880 0.5304999999997064 0 0
881 0.5309999999997098 0 0
882 0.5314999999997132 0 0
883 0.5319999999997165 0 0
884 0.5324999999997155 0 0
885 0.5329999999997143 0 0
886 0.533499999999713 0 0
887 0.5339999999997118 0 0
888 0.5344999999997093 0 0
889 0.5349999999997035 0 0
890 0.5354999999996977 0 0
891 0.5359999999996916 0 0
892 0.5364999999996858 0 0
893 0.5369999999996825 0 0
894 0.5374999999996812 0 0
895 0.53799999999968 0 0
896 0.5384999999996787 0 0
897 0.5389999999996775 0 0
898 0.5394999999996802 0 0
899 0.5399999999996836 0 0
900 0.540499999999687 0 0
901 0.5409999999996904 0 0
902 0.5414999999996937 0 0
903 0.5419999999996971 0 0
904 0.5424999999997004 0 0
905 0.5429999999997037 0 0
906 0.5434999999997071 0 0
907 0.5439999999997082 0 0
908 0.5444999999997069 0 0
909 0.5449999999997056 0 0
910 0.5454999999997043 0 0
911 0.5459999999997032 0 0
912 0.5464999999996981 0 0
913 0.5469999999996922 0 0
914 0.5474999999996864 0 0
915 0.5479999999996804 0 0
916 0.5484999999996751 0 0
917 0.5489999999996739 0 0
918 0.5494999999996726 0 0
919 0.5499999999996714 0 0
920 0.55049999999967 0 0
921 0.5509999999996709 0 0
922 0.5514999999996741 0 0
923 0.5519999999996776 0 0
924 0.5524999999996809 0 0
925 0.5529999999996843 0 0
926 0.5534999999996877 0 0
927 0.553999999999691 0 0
928 0.5544999999996944 0 0
929 0.5549999999996977 0 0
930 0.555499999999701 0 0
931 0.5559999999997045 0 0
932 0.5564999999997078 0 0
933 0.5569999999997112 0 0
934 0.5574999999997146 0 0
935 0.5579999999997178 0 0
936 0.5584999999997212 0 0
937 0.5589999999997246 0 0
938 0.5594999999997279 0 0
939 0.5599999999997314 0 0
940 0.5604999999997347 0 0
941 0.560999999999738 0 0
942 0.5614999999997414 0 0
943 0.5619999999997447 0 0
944 0.5624999999997481 0 0
945 0.5629999999997515 0 0
946 0.5634999999997548 0 0
947 0.5639999999997581 0 0
948 0.5644999999997615 0 0
949 0.5649999999997648 0 0
950 0.5654999999997683 0 0
951 0.5659999999997716 0 0
952 0.566499999999775 0 0
953 0.5669999999997784 0 0
954 0.5674999999997816 0 0
955 0.5679999999997851 0 0
956 0.5684999999997884 0 0
957 0.5689999999997918 0 0
958 0.5694999999997951 0 0
959 0.5699999999997985 0 0
960 0.5704999999998018 0 0
961 0.5709999999998052 0 0
962 0.5714999999998085 0 0
963 0.5719999999998119 0 0
964 0.5724999999998153 0 0
965 0.5729999999998185 0 0
966 0.573499999999822 0 0
967 0.5739999999998253 0 0
968 0.5744999999998287 0 0
969 0.5749999999998321 0 0
970 0.5754999999998354 0 0
971 0.5759999999998389 0 0
972 0.5764999999998421 0 0
973 0.5769999999998455 0 0
974 0.5774999999998489 0 0
975 0.5779999999998522 0 0
976 0.5784999999998555 0 0
977 0.578999999999859 0 0
978 0.5794999999998622 0 0
979 0.5799999999998656 0 0
980 0.580499999999869 0 0
981 0.5809999999998723 0 0
982 0.5814999999998758 0 0
983 0.5819999999998791 0 0
984 0.5824999999998825 0 0
985 0.5829999999998858 0 0
986 0.5834999999998891 0 0
987 0.5839999999998926 0 0
988 0.5844999999998959 0 0
989 0.5849999999998993 0 0
990 0.5854999999999027 0 0
991 0.5859999999999059 0 0
992 0.5864999999999093 0 0
993 0.5869999999999127 0 0
994 0.587499999999916 0 0
995 0.5879999999999195 0 0
996 0.5884999999999228 0 0
997 0.588999999999926 0 0
998 0.5894999999999295 0 0
999 0.5899999999999328 0 0
1000 0.5904999999999362 0 0
1001 0.5909999999999396 0 0
1002 0.5914999999999429 0 0
1003 0.5919999999999462 0 0
1004 0.5924999999999496 0 0
1005 0.5929999999999529 0 0
1006 0.5934999999999564 0 0
1007 0.5939999999999597 0 0
1008 0.5944999999999631 0 0
1009 0.5949999999999664 0 0
1010 0.5954999999999697 0 0
1011 0.5959999999999732 0 0
1012 0.5964999999999765 0 0
1013 0.5969999999999799 0 0
1014 0.5974999999999832 0 0
1015 0.5979999999999865 0 0
1016 0.5984999999999899 0 0
1017 0.5989999999999933 0 0
1018 0.5994999999999966 0 0
1019 0.6005002825516913 0 0
1020 0.6010013992539823 0 0
1021 0.6015033515573789 0 0
1022 0.602006141073661 0 0
1023 0.6025097688583545 0 0
1024 0.6030142366951673 0 0
1025 0.6035195456526327 0 0
1026 0.6040256972799436 0 0
1027 0.6045326930639187 0 0
1028 0.605040534223649 0 0
1029 0.6055492222098514 0 0
1030 0.6060587585899708 0 0
1031 0.6065691446995403 0 0
1032 0.6070803819074101 0 0
1033 0.6075924716451411 0 0
1034 0.6081054153395213 0 0
1035 0.6086192144125904 0 0
1036 0.6091338707318742 0 0
1037 0.6096493848912549 0 0
1038 0.6101657586922898 0 0
1039 0.6106829935381766 0 0
1040 0.6112010908274815 0 0
1041 0.6117200521071271 0 0
1042 0.6122398792967435 0 0
1043 0.6127605731966598 0 0
1044 0.6132821351868215 0 0
1045 0.6138045666426574 0 0
1046 0.6143278699862257 0 0
1047 0.6148520458153588 0 0
1048 0.6153770953066887 0 0
1049 0.6159030209148244 0 0
1050 0.6164298234288459 0 0
1051 0.6169575039836738 0 0
1052 0.6174860653051332 0 0
1053 0.6180155072223164 0 0
1054 0.6185458328588045 0 0
1055 0.6190770420897479 0 0
1056 0.6196091379336117 0 0
1057 0.6201421202270963 0 0
1058 0.6206759922945971 0 0
1059 0.6212107539977876 0 0
1060 0.621746407628875 0 0
1061 0.622282954756507 0 0
1062 0.6228203961651726 0 0
1063 0.6233587340736031 0 0
1064 0.6238979699570055 0 0
1065 0.6244381047793024 0 0
1066 0.6249791401178261 0 0
1067 0.625521077974837 0 0
1068 0.6260639197829818 0 0
1069 0.6266076667035346 0 0
1070 0.6271523202930099 0 0
1071 0.627697882102695 0 0
1072 0.6282443536786764 0 0
1073 0.628791736561866 0 0
1074 0.6293400322880273 0 0
1075 0.6298892423878005 0 0
1076 0.6304393683867289 0 0
1077 0.6309904118052834 0 0
1078 0.6315423741588887 0 0
1079 0.6320952569579476 0 0
1080 0.6326490617078663 0 0
1081 0.6332037899090792 0 0
1082 0.6337594430570736 0 0
1083 0.634316022867839 0 0
1084 0.6348735312716588 0 0
1085 0.6354319691778273 0 0
1086 0.6359913380619626 0 0
1087 0.636551639807049 0 0
1088 0.637112876348916 0 0
1089 0.6376750483639919 0 0
1090 0.6382381579294395 0 0
1091 0.6388022068460689 0 0
1092 0.6393671956864472 0 0
1093 0.6399331276305487 0 0
1094 0.6405000025246059 0 0
1095 0.6410678234214648 0 0
1096 0.6416365904858996 0 0
1097 0.6422063068382814 0 0
1098 0.6427769725268315 0 0
1099 0.6433485904167362 0 0
1100 0.6439211613377504 0 0
1101 0.6444946866158001 0 0
1102 0.645069169158248 0 0
1103 0.6456446093480875 0 0
1104 0.6462210088658258 0 0
1105 0.6467983697501823 0 0
1106 0.647376693762878 0 0
1107 0.6479559820250753 0 0
1108 0.6485362362011041 0 0
1109 0.6491174579496986 0 0
1110 0.649699648924025 0 0
1111 0.6502828107717108 0 0
1112 0.650866945134871 0 0
1113 0.6514520537108886 0 0
1114 0.6520381379940612 0 0
1115 0.6526251996562466 0 0
1116 0.6532132403931773 0 0
1117 0.6538022617744389 0 0
1118 0.6543922654096482 0 0
1119 0.6549832529030992 0 0
1120 0.6555752258537905 0 0
1121 0.6561681858554511 0 0
1122 0.6567621344965661 0 0
1123 0.6573570742254331 0 0
1124 0.6579530059111222 0 0
1125 0.6585499310686496 0 0
1126 0.6591478517533882 0 0
1127 0.6597467698724027 0 0
1128 0.6603466862474307 0 0
1129 0.6609476034553883 0 0
1130 0.6615495226101301 0 0
1131 0.6621524454097084 0 0
1132 0.6627563739015638 0 0
1133 0.6633613092367535 0 0
1134 0.6639672535794695 0 0
1135 0.6645742083481072 0 0
1136 0.6651821750122109 0 0
1137 0.6657911560664435 0 0
1138 0.6664011521901999 0 0
1139 0.6670121656264016 0 0
1140 0.6676241983317367 0 0
1141 0.6682372513841255 0 0
1142 0.6688513265659732 0 0
1143 0.6694664260292239 0 0
1144 0.6700825514291355 0 0
1145 0.6706997041661142 0 0
1146 0.6713178859990258 0 0
1147 0.6719370986808411 0 0
1148 0.672557343958661 0 0
1149 0.673178623573747 0 0
1150 0.6738009392615536 0 0
1151 0.6744242927517512 0 0
1152 0.6750486857682614 0 0
1153 0.6756741200292811 0 0
1154 0.6763005972473124 0 0
1155 0.6769281191291927 0 0
1156 0.6775566873761183 0 0
1157 0.678186303709682 0 0
1158 0.6788169705516591 0 0
1159 0.679448688927637 0 0
1160 0.6800814605162129 0 0
1161 0.6807152872210041 0 0
1162 0.6813501714318413 0 0
1163 0.6819861139557872 0 0
1164 0.6826231170167869 0 0
1165 0.6832611826116973 0 0
1166 0.6839003117017437 0 0
1167 0.684540507341986 0 0
1168 0.6851817698210492 0 0
1169 0.6858241024345371 0 0
1170 0.6864675056136462 0 0
1171 0.6871119820823017 0 0
1172 0.6877575332240319 0 0
1173 0.6884041604634537 0 0
1174 0.6890518667031945 0 0
1175 0.6897006528116789 0 0
1176 0.6903505205989008 0 0
1177 0.6910014721299388 0 0
1178 0.6916535095842945 0 0
1179 0.692306634243116 0 0
1180 0.6929608479706257 0 0
1181 0.6936161526247955 0 0
1182 0.6942725500573687 0 0
1183 0.694930042113902 0 0
1184 0.6955886306337912 0 0
1185 0.6962483174502997 0 0
1186 0.6969091043905938 0 0
1187 0.6975709932757694 0 0
1188 0.6982339859208837 0 0
1189 0.6988980841349866 0 0
1190 0.6995632897211466 0 0
1191 0.700229604476485 0 0
1192 0.7008970307327325 0 0
1193 0.7015655700468026 0 0
1194 0.7022352239846968 0 0
1195 0.7029059943852323 0 0
1196 0.7035778840380407 0 0
1197 0.704250893714873 0 0
1198 0.7049250256771072 0 0
1199 0.705600282113959 0 0
1200 0.7062766641242096 0 0
1201 0.7069541746897593 0 0
1202 0.7076328145001352 0 0
1203 0.7083125865140263 0 0
1204 0.7089934918251378 0 0
1205 0.7096755325584797 0 0
1206 0.7103587110199578 0 0
1207 0.7110430283971343 0 0
1208 0.7117284869067982 0 0
1209 0.7124150889163117 0 0
1210 0.7131028357083014 0 0
1211 0.7137917292600476 0 0
1212 0.7144817715421812 0 0
1213 0.7151729645518204 0 0
1214 0.7158653104843761 0 0
1215 0.7165588109171301 0 0
1216 0.7172534677947904 0 0
1217 0.7179492830555772 0 0
1218 0.7186462586312575 0 0
1219 0.7193443964471767 0 0
1220 0.720043698422291 0 0
1221 0.7207441668539645 0 0
1222 0.7214458033853851 0 0
1223 0.7221486098946738 0 0
1224 0.7228525882752149 0 0
1225 0.723557740414162 0 0
1226 0.7242640689432208 0 0
1227 0.7249715752431446 0 0
1228 0.7256802610240342 0 0
1229 0.7263901290700356 0 0
1230 0.7271011806995971 0 0
1231 0.7278134179723004 0 0
1232 0.7285268432441918 0 0
1233 0.7292414579200599 0 0
1234 0.7299572645760329 0 0
1235 0.7306742647771635 0 0
1236 0.7313924605075792 0 0
1237 0.7321118543022445 0 0
1238 0.7328324474014656 0 0
1239 0.7335542421497638 0 0
1240 0.7342772409472445 0 0
1241 0.7350014452258966 0 0
1242 0.7357268570655631 0 0
1243 0.736453478539095 0 0
1244 0.7371813118217369 0 0
1245 0.7379103590358005 0 0
1246 0.738640621958242 0 0
1247 0.7393721026346345 0 0
1248 0.7401048031037328 0 0
1249 0.7408387253975055 0 0
1250 0.7415738715411693 0 0
1251 0.7423102436089653 0 0
1252 0.7430478439291514 0 0
1253 0.7437866742347842 0 0
1254 0.7445267365240753 0 0
1255 0.7452680327886518 0 0
1256 0.7460105651995089 0 0
1257 0.7467543362933578 0 0
1258 0.7474993473966221 0 0
1259 0.7482456007534399 0 0
1260 0.7489930989941941 0 0
1261 0.7497418432184502 0 0
1262 0.7504918366533494 0 0
1263 0.7512430802011444 0 0
1264 0.7519955771088339 0 0
1265 0.7527493283251693 0 0
1266 0.7535043369842054 0 0
1267 0.7542606045062099 0 0
1268 0.7550181328768915 0 0
1269 0.7557769250364728 0 0
1270 0.7565369824177401 0 0
1271 0.757298307122664 0 0
1272 0.7580609013298056 0 0
1273 0.7588247672835498 0 0
1274 0.759589907312469 0 0
1275 0.760356323233009 0 0
1276 0.7611240171950326 0 0
1277 0.7618929913412323 0 0
1278 0.7626632478071648 0 0
1279 0.7634347887212853 0 0
1280 0.7642076162049892 0 0
1281 0.7649817326644546 0 0
1282 0.7657571401233513 0 0
1283 0.766533840573821 0 0
1284 0.7673118361090192 0 0
1285 0.7680911288393481 0 0
1286 0.7688717216979936 0 0
1287 0.7696536159781587 0 0
1288 0.7704368139199687 0 0
1289 0.7712213184341646 0 0
1290 0.7720071306436348 0 0
1291 0.7727942538275312 0 0
1292 0.7735826890535056 0 0
1293 0.7743724396850268 0 0
1294 0.7751635068158425 0 0
1295 0.7759558934170581 0 0
1296 0.7767496014159088 0 0
1297 0.7775446327459706 0 0
1298 0.7783409899902326 0 0
1299 0.7791386754750597 0 0
1300 0.7799376910551317 0 0
1301 0.7807380390046149 0 0
1302 0.7815397215900547 0 0
1303 0.7823427410704127 0 0
1304 0.7831470996971017 0 0
1305 0.78395279971403 0 0
1306 0.7847598433576315 0 0
1307 0.785568232856908 0 0
1308 0.7863779704334654 0 0
1309 0.7871890583015468 0 0
1310 0.7880014986680761 0 0
1311 0.7888152937326858 0 0
1312 0.7896304461681265 0 0
1313 0.7904469580080338 0 0
1314 0.7912648312003916 0 0
1315 0.7920840683943564 0 0
1316 0.7929046719052405 0 0
1317 0.7937266434351302 0 0
1318 0.7945499862851125 0 0
1319 0.7953747015500481 0 0
1320 0.7962007926996335 0 0
1321 0.797028261036253 0 0
1322 0.7978571093864786 0 0
1323 0.7986873400695582 0 0
1324 0.7995189549930801 0 0
1325 0.8003519567056503 0 0
1326 0.8011863478748392 0 0
1327 0.8020221303531521 0 0
1328 0.802859306515597 0 0
1329 0.8036978787292226 0 0
1330 0.8045378493531645 0 0
1331 0.8053792207386795 0 0
1332 0.8062219952291878 0 0
1333 0.8070661751603124 0 0
1334 0.8079117628599147 0 0
1335 0.8087587606481383 0 0
1336 0.8096071708374426 0 0
1337 0.8104569957326424 0 0
1338 0.8113082379551755 0 0
1339 0.8121608998876608 0 0
1340 0.8130149834940524 0 0
1341 0.8138704912840795 0 0
1342 0.814727426095585 0 0
1343 0.8155857894796025 0 0
1344 0.8164455847458612 0 0
1345 0.8173068133620524 0 0
1346 0.8181694786264843 0 0
1347 0.819033582014057 0 0
1348 0.8198991267916274 0 0
1349 0.820766114826807 0 0
1350 0.821634548428277 0 0
1351 0.8225044304691909 0 0
1352 0.8233757632217823 0 0
1353 0.8242485489098597 0 0
1354 0.8251227900078881 0 0
1355 0.8259984889820501 0 0
1356 0.8268756482902862 0 0
1357 0.8277542703823358 0 0
1358 0.8286343576997801 0 0
1359 0.8295159126760813 0 0
1360 0.8303989377366239 0 0
1361 0.8312834352987539 0 0
1362 0.8321694077718194 0 0
1363 0.8330568575721131 0 0
1364 0.8339457877507621 0 0
1365 0.8348362001200257 0 0
1366 0.8357280970573271 0 0
1367 0.8366214817918156 0 0
1368 0.8375163560528165 0 0
1369 0.8384127227049073 0 0
1370 0.8393105841012973 0 0
1371 0.8402099428574316 0 0
1372 0.8411108011356558 0 0
1373 0.84201316211466 0 0
1374 0.8429170275847345 0 0
1375 0.8438224002103315 0 0
1376 0.844729283058088 0 0
1377 0.8456376780904318 0 0
1378 0.8465475878892534 0 0
1379 0.847459015027794 0 0
1380 0.8483719620706879 0 0
1381 0.8492864315740063 0 0
1382 0.8502024260853002 0 0
1383 0.8511199481436418 0 0
1384 0.8520390002796685 0 0
1385 0.8529595850156231 0 0
1386 0.8538817048653966 0 0
1387 0.8548053623345697 0 0
1388 0.8557305602804162 0 0
1389 0.8566573012092114 0 0
1390 0.857585587323759 0 0
1391 0.8585154215633717 0 0
1392 0.8594468064958567 0 0
1393 0.8603797443513833 0 0
1394 0.8613142383224357 0 0
1395 0.8622502903879058 0 0
1396 0.8631879035501978 0 0
1397 0.8641270803493173 0 0
1398 0.8650678230699218 0 0
1399 0.8660101347750878 0 0
1400 0.8669540179863788 0 0
1401 0.8678994751121343 0 0
1402 0.8688465088333561 0 0
1403 0.8697951218220715 0 0
1404 0.8707453167413779 0 0
1405 0.8716970962454871 0 0
1406 0.8726504629797697 0 0
1407 0.8736054195807995 0 0
1408 0.8745619686763986 0 0
1409 0.8755201128856769 0 0
1410 0.8764798548190798 0 0
1411 0.8774411970784313 0 0
1412 0.8784041429273481 0 0
1413 0.8793686943926666 0 0
1414 0.8803348540610694 0 0
1415 0.8813026254360257 0 0
1416 0.8822720102147014 0 0
1417 0.8832430119189391 0 0
1418 0.8842156324294365 0 0
1419 0.8851898754073424 0 0
1420 0.8861657427088271 0 0
1421 0.8871432373241117 0 0
1422 0.8881223623179653 0 0
1423 0.8891031199579063 0 0
1424 0.8900855130340977 0 0
1425 0.8910695443273525 0 0
1426 0.8920552166091805 0 0
1427 0.8930425326418334 0 0
1428 0.8940314951783531 0 0
1429 0.8950221069626172 0 0
1430 0.8960143707293831 0 0
1431 0.8970082892043361 0 0
1432 0.8980038651041311 0 0
1433 0.8990011011364416 0 0