1 0 0 0
2 0.2 0 0
3 0.5 0 0
4 0.7 0 0
5 0.009625424682999666 0 0
6 0.01883392977631263 0 0
7 0.02764357483791099 0 0
8 0.03607163438390475 0 0
9 0.0441346384032219 0 0
10 0.05184839750679704 0 0
11 0.05922804058466737 0 0
12 0.06628803618598123 0 0
13 0.073042235100006 0 0
14 0.07950387787959043 0 0
15 0.08568564024047108 0 0
16 0.09159964256797049 0 0
17 0.09725748268914579 0 0
18 0.1026702570735786 0 0
19 0.1078485802888658 0 0
20 0.1128026075287 0 0
21 0.1175420539197921 0 0
22 0.1220762141864156 0 0
23 0.1264139801052165 0 0
24 0.1305638578713305 0 0
25 0.1345339856287925 0 0
26 0.1383321507204988 0 0
27 0.1419657999655829 0 0
28 0.1454420592698187 0 0
29 0.1487677467759389 0 0
30 0.1519493847122201 0 0
31 0.1549932119472765 0 0
32 0.1579051968973541 0 0
33 0.1606910512408073 0 0
34 0.1633562378751884 0 0
35 0.1659059836131234 0 0
36 0.1683452883247253 0 0
37 0.1706789362843296 0 0
38 0.172911503404194 0 0
39 0.1750473682358973 0 0
40 0.1770907192131502 0 0
41 0.1790455637006158 0 0
42 0.1809157353226062 0 0
43 0.1827049017039536 0 0
44 0.1844165710649901 0 0
45 0.1860541006165821 0 0
46 0.1876207018614735 0 0
47 0.1891194465169571 0 0
48 0.1905532738579353 0 0
49 0.1919249958976485 0 0
50 0.1932373025053462 0 0
51 0.1944927671735978 0 0
52 0.1956938522278028 0 0
53 0.1968429130525194 0 0
54 0.197942202989284 0 0
55 0.1989938777764317 0 0
56 0.2009999999999974 0 0
57 0.2019999999999947 0 0
58 0.2029999999999936 0 0
59 0.2039999999999933 0 0
60 0.2049999999999937 0 0
61 0.2059999999999957 0 0
62 0.2069999999999977 0 0
63 0.2079999999999974 0 0
64 0.2089999999999971 0 0
65 0.2099999999999953 0 0
66 0.2109999999999927 0 0
67 0.21199999999999 0 0
68 0.2129999999999874 0 0
69 0.2139999999999848 0 0
70 0.2149999999999843 0 0
71 0.215999999999984 0 0
72 0.216999999999985 0 0
73 0.217999999999987 0 0
74 0.2189999999999884 0 0
75 0.2199999999999881 0 0
76 0.2209999999999877 0 0
77 0.2219999999999853 0 0
78 0.2229999999999827 0 0
79 0.2239999999999801 0 0
80 0.2249999999999774 0 0
81 0.2259999999999753 0 0
82 0.2269999999999749 0 0
83 0.2279999999999746 0 0
84 0.2289999999999763 0 0
85 0.2299999999999783 0 0
86 0.2309999999999791 0 0
87 0.2319999999999787 0 0
88 0.232999999999978 0 0
89 0.2339999999999753 0 0
90 0.2349999999999727 0 0
91 0.2359999999999701 0 0
92 0.2369999999999674 0 0
93 0.2379999999999648 0 0
94 0.2389999999999621 0 0
95 0.2399999999999595 0 0
96 0.2409999999999569 0 0
97 0.2419999999999542 0 0
98 0.2429999999999516 0 0
99 0.2439999999999489 0 0
100 0.2449999999999463 0 0
101 0.2459999999999437 0 0
102 0.246999999999941 0 0
103 0.2479999999999384 0 0
104 0.2489999999999357 0 0
105 0.2499999999999331 0 0
106 0.2509999999999305 0 0
107 0.2519999999999278 0 0
108 0.2529999999999252 0 0
109 0.2539999999999226 0 0
110 0.2549999999999199 0 0
111 0.2559999999999172 0 0
112 0.2569999999999111 0 0
113 0.2579999999999039 0 0
114 0.2589999999998967 0 0
115 0.2599999999998894 0 0
116 0.2609999999998824 0 0
117 0.2619999999998797 0 0
118 0.2629999999998771 0 0
119 0.2639999999998745 0 0
120 0.2649999999998718 0 0
121 0.2659999999998692 0 0
122 0.2669999999998666 0 0
123 0.2679999999998638 0 0
124 0.2689999999998565 0 0
125 0.2699999999998493 0 0
126 0.270999999999842 0 0
127 0.2719999999998347 0 0
128 0.2729999999998291 0 0
129 0.2739999999998264 0 0
130 0.2749999999998237 0 0
131 0.2759999999998211 0 0
132 0.2769999999998185 0 0
133 0.2779999999998158 0 0
134 0.2789999999998132 0 0
135 0.2799999999998091 0 0
136 0.2809999999998019 0 0
137 0.2819999999997946 0 0
138 0.2829999999997873 0 0
139 0.28399999999978 0 0
140 0.2849999999997757 0 0
141 0.2859999999997731 0 0
142 0.2869999999997704 0 0
143 0.2879999999997678 0 0
144 0.2889999999997651 0 0
145 0.2899999999997625 0 0
146 0.2909999999997598 0 0
147 0.2919999999997545 0 0
148 0.2929999999997472 0 0
149 0.2939999999997399 0 0
150 0.2949999999997326 0 0
151 0.2959999999997254 0 0
152 0.2969999999997223 0 0
153 0.2979999999997197 0 0
154 0.2989999999997171 0 0
155 0.2999999999997144 0 0
156 0.3009999999997118 0 0
157 0.3019999999997091 0 0
158 0.3029999999997065 0 0
159 0.3039999999996998 0 0
160 0.3049999999996925 0 0
161 0.3059999999996853 0 0
162 0.306999999999678 0 0
163 0.3079999999996716 0 0
164 0.3089999999996689 0 0
165 0.3099999999996663 0 0
166 0.3109999999996675 0 0
167 0.3119999999996695 0 0
168 0.3129999999996715 0 0
169 0.3139999999996735 0 0
170 0.3149999999996741 0 0
171 0.3159999999996668 0 0
172 0.3169999999996596 0 0
173 0.3179999999996523 0 0
174 0.318999999999645 0 0
175 0.3199999999996399 0 0
176 0.3209999999996372 0 0
177 0.3219999999996352 0 0
178 0.3229999999996372 0 0
179 0.3239999999996392 0 0
180 0.3249999999996411 0 0
181 0.3259999999996431 0 0
182 0.3269999999996411 0 0
183 0.3279999999996338 0 0
184 0.3289999999996266 0 0
185 0.3299999999996193 0 0
186 0.3309999999996121 0 0
187 0.3319999999996083 0 0
188 0.3329999999996056 0 0
189 0.3339999999996048 0 0
190 0.3349999999996068 0 0
191 0.3359999999996088 0 0
192 0.3369999999996108 0 0
193 0.3379999999996128 0 0
194 0.3389999999996082 0 0
195 0.3399999999996008 0 0
196 0.3409999999995936 0 0
197 0.3419999999995864 0 0
198 0.3429999999995792 0 0
199 0.3439999999995766 0 0
200 0.344999999999574 0 0
201 0.3459999999995745 0 0
202 0.3469999999995765 0 0
203 0.3479999999995801 0 0
204 0.3489999999995866 0 0
205 0.3499999999995933 0 0
206 0.3509999999995953 0 0
207 0.3519999999995973 0 0
208 0.3529999999995962 0 0
209 0.3539999999995936 0 0
210 0.3549999999995924 0 0
211 0.3559999999995944 0 0
212 0.3569999999995964 0 0
213 0.3579999999996028 0 0
214 0.3589999999996094 0 0
215 0.3599999999996161 0 0
216 0.3609999999996226 0 0
217 0.361999999999628 0 0
218 0.36299999999963 0 0
219 0.363999999999632 0 0
220 0.3649999999996296 0 0
221 0.365999999999627 0 0
222 0.3669999999996271 0 0
223 0.3679999999996291 0 0
224 0.3689999999996322 0 0
225 0.3699999999996388 0 0
226 0.3709999999996454 0 0
227 0.371999999999652 0 0
228 0.3729999999996586 0 0
229 0.3739999999996626 0 0
230 0.3749999999996646 0 0
231 0.3759999999996656 0 0
232 0.3769999999996629 0 0
233 0.3779999999996603 0 0
234 0.3789999999996617 0 0
235 0.3799999999996637 0 0
236 0.3809999999996682 0 0
237 0.3819999999996747 0 0
238 0.3829999999996814 0 0
239 0.383999999999688 0 0
240 0.3849999999996946 0 0
241 0.3859999999996973 0 0
242 0.3869999999996993 0 0
243 0.3879999999996989 0 0
244 0.3889999999996964 0 0
245 0.3899999999996944 0 0
246 0.3909999999996964 0 0
247 0.3919999999996984 0 0
248 0.3929999999997041 0 0
249 0.3939999999997107 0 0
250 0.3949999999997174 0 0
251 0.395999999999724 0 0
252 0.39699999999973 0 0
253 0.397999999999732 0 0
254 0.398999999999734 0 0
255 0.3999999999997324 0 0
256 0.4009999999997297 0 0
257 0.4019999999997291 0 0
258 0.402999999999731 0 0
259 0.4039999999997335 0 0
260 0.4049999999997401 0 0
261 0.4059999999997467 0 0
262 0.4069999999997533 0 0
263 0.4079999999997599 0 0
264 0.4089999999997647 0 0
265 0.4099999999997667 0 0
266 0.4109999999997683 0 0
267 0.4119999999997657 0 0
268 0.4129999999997631 0 0
269 0.4139999999997638 0 0
270 0.4149999999997657 0 0
271 0.4159999999997694 0 0
272 0.4169999999997761 0 0
273 0.4179999999997827 0 0
274 0.4189999999997893 0 0
275 0.4199999999997959 0 0
276 0.4209999999997993 0 0
277 0.4219999999998013 0 0
278 0.4229999999998018 0 0
279 0.4239999999997991 0 0
280 0.4249999999997964 0 0
281 0.4259999999997984 0 0
282 0.4269999999998004 0 0
283 0.4279999999998054 0 0
284 0.428999999999812 0 0
285 0.4299999999998186 0 0
286 0.4309999999998253 0 0
287 0.4319999999998319 0 0
288 0.432999999999834 0 0
289 0.433999999999836 0 0
290 0.4349999999998351 0 0
291 0.4359999999998324 0 0
292 0.4369999999998311 0 0
293 0.4379999999998331 0 0
294 0.4389999999998351 0 0
295 0.4399999999998414 0 0
296 0.440999999999848 0 0
297 0.4419999999998546 0 0
298 0.4429999999998612 0 0
299 0.4439999999998667 0 0
300 0.4449999999998686 0 0
301 0.4459999999998707 0 0
302 0.4469999999998685 0 0
303 0.4479999999998658 0 0
304 0.4489999999998632 0 0
305 0.4499999999998606 0 0
306 0.4509999999998589 0 0
307 0.4519999999998609 0 0
308 0.4529999999998629 0 0
309 0.4539999999998649 0 0
310 0.4549999999998668 0 0
311 0.4559999999998688 0 0
312 0.4569999999998709 0 0
313 0.4579999999998737 0 0
314 0.4589999999998803 0 0
315 0.4599999999998869 0 0
316 0.4609999999998896 0 0
317 0.4619999999998916 0 0
318 0.4629999999998936 0 0
319 0.4639999999998957 0 0
320 0.4649999999998977 0 0
321 0.4659999999998996 0 0
322 0.4669999999999016 0 0
323 0.4679999999999036 0 0
324 0.4689999999999056 0 0
325 0.4699999999999098 0 0
326 0.4709999999999164 0 0
327 0.4719999999999224 0 0
328 0.4729999999999244 0 0
329 0.4739999999999264 0 0
330 0.4749999999999284 0 0
331 0.4759999999999304 0 0
332 0.4769999999999324 0 0
333 0.4779999999999344 0 0
334 0.4789999999999364 0 0
335 0.4799999999999384 0 0
336 0.4809999999999404 0 0
337 0.4819999999999459 0 0
338 0.4829999999999525 0 0
339 0.4839999999999572 0 0
340 0.4849999999999592 0 0
341 0.4859999999999612 0 0
342 0.4869999999999632 0 0
343 0.4879999999999652 0 0
344 0.4889999999999672 0 0
345 0.4899999999999692 0 0
346 0.4909999999999712 0 0
347 0.4919999999999732 0 0
348 0.4929999999999754 0 0
349 0.493999999999982 0 0
350 0.4949999999999886 0 0
351 0.495999999999992 0 0
352 0.496999999999994 0 0
353 0.497999999999996 0 0
354 0.498999999999998 0 0
355 0.5010061222235748 0 0
356 0.5020577970107295 0 0
357 0.5031570869475017 0 0
358 0.5043061477722268 0 0
359 0.5055072328264408 0 0
360 0.5067626974946994 0 0
361 0.5080750041023999 0 0
362 0.5094467261421165 0 0
363 0.510880553483098 0 0
364 0.5123792981381961 0 0
365 0.5139458993830737 0 0
366 0.5155834289346515 0 0
367 0.5172950982956731 0 0
368 0.5190842646770048 0 0
369 0.5209544362989792 0 0
370 0.522909280786428 0 0
371 0.5249526317636631 0 0
372 0.5270884965953482 0 0
373 0.5293210637151937 0 0
374 0.5316547116747782 0 0
375 0.5340940163863596 0 0
376 0.5366437621242732 0 0
377 0.5393089487586319 0 0
378 0.5420948031020619 0 0
379 0.5450067880521152 0 0
380 0.5480506152871463 0 0
381 0.5512322532234012 0 0
382 0.5545579407294941 0 0
383 0.5580342000337015 0 0
384 0.5616678492787562 0 0
385 0.5654660143704318 0 0
386 0.5694361421278658 0 0
387 0.5735860198939697 0 0
388 0.5779237858127624 0 0
389 0.5824579460793776 0 0
390 0.5871973924704627 0 0
391 0.5921514197102905 0 0
392 0.5973297429255733 0 0
393 0.6027425173100178 0 0
394 0.6084003574312237 0 0
395 0.6143143597587589 0 0
396 0.6204961221196798 0 0
397 0.6269577648993095 0 0
398 0.6337119638133855 0 0
399 0.6407719594147558 0 0
400 0.6481516024926897 0 0
401 0.6558653615963346 0 0
402 0.6639283656157295 0 0
403 0.6723564251618095 0 0
404 0.6811660702234933 0 0
405 0.6903745753168977 0 0