1 0 0 0
2 0.3 0 0
3 0.6 0 0
4 0.8999999999999999 0 0
5 0.009802739411685286 0 0
6 0.01930118212744788 0 0
7 0.02850477595748481 0 0
8 0.03742267179417773 0 0
9 0.04606373712873755 0 0
10 0.05443656542016177 0 0
11 0.06254948718820429 0 0
12 0.07041056345658416 0 0
13 0.07802761830612319 0 0
14 0.08540822655866154 0 0
15 0.09255972372359424 0 0
16 0.09948922440370016 0 0
17 0.1062036197442196 0 0
18 0.1127095858670758 0 0
19 0.1190135944187212 0 0
20 0.1251219132178045 0 0
21 0.1310406179355606 0 0
22 0.1367755944553107 0 0
23 0.1423325448938065 0 0
24 0.1477169969228539 0 0
25 0.1529343051615848 0 0
26 0.1579896570755973 0 0
27 0.1628880811552339 0 0
28 0.1676344471432712 0 0
29 0.1722334778185428 0 0
30 0.1766897444746845 0 0
31 0.181007679621952 0 0
32 0.185191578462976 0 0
33 0.1892455988506651 0 0
34 0.1931737760892012 0 0
35 0.1969800136939411 0 0
36 0.200668098781811 0 0
37 0.2042416977414512 0 0
38 0.2077043650788379 0 0
39 0.2110595443283974 0 0
40 0.2143105721178122 0 0
41 0.2174606813436832 0 0
42 0.2205130051209764 0 0
43 0.2234705780250478 0 0
44 0.2263363426923046 0 0
45 0.229113147434032 0 0
46 0.2318037549341283 0 0
47 0.2344108410033212 0 0
48 0.2369369974095652 0 0
49 0.2393847365393959 0 0
50 0.2417564935531835 0 0
51 0.2440546259023237 0 0
52 0.2462814199665136 0 0
53 0.2484390900290794 0 0
54 0.2505297811197225 0 0
55 0.252555573513769 0 0
56 0.2545184809587819 0 0
57 0.2564204560082281 0 0
58 0.2582633896789832 0 0
59 0.260049115044672 0 0
60 0.2617794079187877 0 0
61 0.2634559889887533 0 0
62 0.2650805257388384 0 0
63 0.2666546334653435 0 0
64 0.2681798776870032 0 0
65 0.2696577754046678 0 0
66 0.2710897960950437 0 0
67 0.2724773640250646 0 0
68 0.273821858974851 0 0
69 0.2751246183368801 0 0
70 0.2763869371573511 0 0
71 0.2776100710454066 0 0
72 0.2787952366495579 0 0
73 0.2799436120646455 0 0
74 0.2810563398093056 0 0
75 0.2821345260165425 0 0
76 0.2831792433275163 0 0
77 0.2841915304541891 0 0
78 0.285172394108902 0 0
79 0.286122809917477 0 0
80 0.2870437230103354 0 0
81 0.2879360489365999 0 0
82 0.2888006752735293 0 0
83 0.289638461871204 0 0
84 0.2904502419303001 0 0
85 0.2912368226276593 0 0
86 0.2919989863522914 0 0
87 0.2927374908859676 0 0
88 0.2934530708465845 0 0
89 0.2941464377068278 0 0
90 0.2948182811624502 0 0
91 0.2954692690913128 0 0
92 0.2961000491948171 0 0
93 0.2967112484292978 0 0
94 0.297303475020324 0 0
95 0.2978773175216219 0 0
96 0.2984333468918005 0 0
97 0.2989721159365542 0 0
98 0.2994941605424948 0 0
99 0.300500000000001 0 0
100 0.3010000000000021 0 0
101 0.3015000000000032 0 0
102 0.3020000000000042 0 0
103 0.3025000000000045 0 0
104 0.3030000000000033 0 0
105 0.303500000000002 0 0
106 0.3040000000000007 0 0
107 0.3044999999999994 0 0
108 0.3049999999999982 0 0
109 0.3054999999999969 0 0
110 0.3059999999999957 0 0
111 0.3064999999999944 0 0
112 0.3069999999999931 0 0
113 0.3074999999999919 0 0
114 0.3079999999999906 0 0
115 0.3084999999999893 0 0
116 0.3089999999999881 0 0
117 0.3094999999999874 0 0
118 0.3099999999999885 0 0
119 0.3104999999999895 0 0
120 0.3109999999999905 0 0
121 0.3114999999999916 0 0
122 0.3119999999999926 0 0
123 0.3124999999999937 0 0
124 0.3129999999999947 0 0
125 0.3134999999999958 0 0
126 0.3139999999999968 0 0
127 0.3144999999999958 0 0
128 0.3149999999999946 0 0
129 0.3154999999999933 0 0
130 0.3159999999999921 0 0
131 0.3164999999999908 0 0
132 0.3169999999999895 0 0
133 0.3174999999999882 0 0
134 0.317999999999987 0 0
135 0.3184999999999857 0 0
136 0.3189999999999845 0 0
137 0.3194999999999832 0 0
138 0.3199999999999819 0 0
139 0.3204999999999807 0 0
140 0.3209999999999794 0 0
141 0.32149999999998 0 0
142 0.3219999999999811 0 0
143 0.3224999999999821 0 0
144 0.3229999999999832 0 0
145 0.3234999999999842 0 0
146 0.3239999999999852 0 0
147 0.3244999999999863 0 0
148 0.3249999999999874 0 0
149 0.3254999999999884 0 0
150 0.3259999999999885 0 0
151 0.3264999999999872 0 0
152 0.3269999999999859 0 0
153 0.3274999999999846 0 0
154 0.3279999999999834 0 0
155 0.3284999999999821 0 0
156 0.3289999999999809 0 0
157 0.3294999999999796 0 0
158 0.3299999999999783 0 0
159 0.3304999999999771 0 0
160 0.3309999999999758 0 0
161 0.3314999999999745 0 0
162 0.3319999999999733 0 0
163 0.332499999999972 0 0
164 0.3329999999999708 0 0
165 0.3334999999999695 0 0
166 0.3339999999999682 0 0
167 0.3344999999999669 0 0
168 0.3349999999999657 0 0
169 0.3354999999999644 0 0
170 0.3359999999999632 0 0
171 0.3364999999999619 0 0
172 0.3369999999999606 0 0
173 0.3374999999999594 0 0
174 0.3379999999999581 0 0
175 0.3384999999999568 0 0
176 0.3389999999999556 0 0
177 0.3394999999999543 0 0
178 0.3399999999999531 0 0
179 0.3404999999999518 0 0
180 0.3409999999999505 0 0
181 0.3414999999999492 0 0
182 0.341999999999948 0 0
183 0.3424999999999467 0 0
184 0.3429999999999455 0 0
185 0.3434999999999442 0 0
186 0.3439999999999429 0 0
187 0.3444999999999417 0 0
188 0.3449999999999382 0 0
189 0.3454999999999346 0 0
190 0.3459999999999311 0 0
191 0.3464999999999275 0 0
192 0.3469999999999239 0 0
193 0.3474999999999203 0 0
194 0.3479999999999168 0 0
195 0.3484999999999132 0 0
196 0.3489999999999096 0 0
197 0.3494999999999073 0 0
198 0.3499999999999061 0 0
199 0.3504999999999048 0 0
200 0.3509999999999036 0 0
201 0.3514999999999023 0 0
202 0.351999999999901 0 0
203 0.3524999999998997 0 0
204 0.3529999999998985 0 0
205 0.3534999999998972 0 0
206 0.353999999999896 0 0
207 0.3544999999998947 0 0
208 0.3549999999998934 0 0
209 0.3554999999998922 0 0
210 0.3559999999998909 0 0
211 0.3564999999998885 0 0
212 0.3569999999998849 0 0
213 0.3574999999998813 0 0
214 0.3579999999998778 0 0
215 0.3584999999998741 0 0
216 0.3589999999998706 0 0
217 0.359499999999867 0 0
218 0.3599999999998634 0 0
219 0.3604999999998598 0 0
220 0.3609999999998566 0 0
221 0.3614999999998553 0 0
222 0.3619999999998541 0 0
223 0.3624999999998528 0 0
224 0.3629999999998515 0 0
225 0.3634999999998502 0 0
226 0.363999999999849 0 0
227 0.3644999999998477 0 0
228 0.3649999999998465 0 0
229 0.3654999999998452 0 0
230 0.3659999999998439 0 0
231 0.3664999999998427 0 0
232 0.3669999999998414 0 0
233 0.3674999999998401 0 0
234 0.3679999999998387 0 0
235 0.3684999999998351 0 0
236 0.3689999999998316 0 0
237 0.369499999999828 0 0
238 0.3699999999998244 0 0
239 0.3704999999998208 0 0
240 0.3709999999998173 0 0
241 0.3714999999998137 0 0
242 0.3719999999998101 0 0
243 0.3724999999998065 0 0
244 0.3729999999998045 0 0
245 0.3734999999998033 0 0
246 0.373999999999802 0 0
247 0.3744999999998008 0 0
248 0.3749999999997995 0 0
249 0.3754999999997982 0 0
250 0.3759999999997969 0 0
251 0.3764999999997957 0 0
252 0.3769999999997944 0 0
253 0.3774999999997931 0 0
254 0.3779999999997919 0 0
255 0.3784999999997906 0 0
256 0.3789999999997894 0 0
257 0.3794999999997881 0 0
258 0.3799999999997854 0 0
259 0.3804999999997818 0 0
260 0.3809999999997782 0 0
261 0.3814999999997746 0 0
262 0.3819999999997711 0 0
263 0.3824999999997675 0 0
264 0.3829999999997639 0 0
265 0.3834999999997604 0 0
266 0.3839999999997568 0 0
267 0.3844999999997538 0 0
268 0.3849999999997525 0 0
269 0.3854999999997513 0 0
270 0.38599999999975 0 0
271 0.3864999999997487 0 0
272 0.3869999999997474 0 0
273 0.3874999999997462 0 0
274 0.3879999999997449 0 0
275 0.3884999999997437 0 0
276 0.3889999999997424 0 0
277 0.3894999999997411 0 0
278 0.3899999999997399 0 0
279 0.3904999999997386 0 0
280 0.3909999999997373 0 0
281 0.3914999999997356 0 0
282 0.3919999999997321 0 0
283 0.3924999999997285 0 0
284 0.3929999999997249 0 0
285 0.3934999999997213 0 0
286 0.3939999999997177 0 0
287 0.3944999999997142 0 0
288 0.3949999999997106 0 0
289 0.395499999999707 0 0
290 0.3959999999997034 0 0
291 0.3964999999997017 0 0
292 0.3969999999997005 0 0
293 0.3974999999996992 0 0
294 0.3979999999996979 0 0
295 0.3984999999996967 0 0
296 0.3989999999996954 0 0
297 0.3994999999996942 0 0
298 0.3999999999996929 0 0
299 0.4004999999996916 0 0
300 0.4009999999996903 0 0
301 0.4014999999996891 0 0
302 0.4019999999996878 0 0
303 0.4024999999996866 0 0
304 0.4029999999996853 0 0
305 0.4034999999996823 0 0
306 0.4039999999996787 0 0
307 0.4044999999996751 0 0
308 0.4049999999996716 0 0
309 0.405499999999668 0 0
310 0.4059999999996644 0 0
311 0.4064999999996608 0 0
312 0.4069999999996573 0 0
313 0.4074999999996537 0 0
314 0.407999999999651 0 0
315 0.4084999999996497 0 0
316 0.4089999999996484 0 0
317 0.4094999999996472 0 0
318 0.4099999999996459 0 0
319 0.4104999999996462 0 0
320 0.4109999999996473 0 0
321 0.4114999999996483 0 0
322 0.4119999999996494 0 0
323 0.4124999999996504 0 0
324 0.4129999999996515 0 0
325 0.4134999999996525 0 0
326 0.4139999999996535 0 0
327 0.4144999999996546 0 0
328 0.4149999999996542 0 0
329 0.4154999999996507 0 0
330 0.4159999999996471 0 0
331 0.4164999999996435 0 0
332 0.4169999999996399 0 0
333 0.4174999999996363 0 0
334 0.4179999999996328 0 0
335 0.4184999999996292 0 0
336 0.4189999999996256 0 0
337 0.419499999999622 0 0
338 0.4199999999996206 0 0
339 0.4204999999996193 0 0
340 0.4209999999996181 0 0
341 0.4214999999996169 0 0
342 0.4219999999996161 0 0
343 0.4224999999996172 0 0
344 0.4229999999996182 0 0
345 0.4234999999996193 0 0
346 0.4239999999996204 0 0
347 0.4244999999996214 0 0
348 0.4249999999996225 0 0
349 0.4254999999996235 0 0
350 0.4259999999996245 0 0
351 0.4264999999996256 0 0
352 0.4269999999996226 0 0
353 0.427499999999619 0 0
354 0.4279999999996154 0 0
355 0.4284999999996119 0 0
356 0.4289999999996083 0 0
357 0.4294999999996046 0 0
358 0.4299999999996011 0 0
359 0.4304999999995975 0 0
360 0.4309999999995939 0 0
361 0.4314999999995915 0 0
362 0.4319999999995903 0 0
363 0.432499999999589 0 0
364 0.4329999999995877 0 0
365 0.4334999999995865 0 0
366 0.4339999999995871 0 0
367 0.4344999999995881 0 0
368 0.4349999999995892 0 0
369 0.4354999999995902 0 0
370 0.4359999999995913 0 0
371 0.4364999999995923 0 0
372 0.4369999999995934 0 0
373 0.4374999999995944 0 0
374 0.4379999999995955 0 0
375 0.4384999999995946 0 0
376 0.4389999999995909 0 0
377 0.4394999999995873 0 0
378 0.4399999999995838 0 0
379 0.4404999999995802 0 0
380 0.4409999999995766 0 0
381 0.441499999999573 0 0
382 0.4419999999995695 0 0
383 0.4424999999995659 0 0
384 0.4429999999995625 0 0
385 0.4434999999995612 0 0
386 0.44399999999956 0 0
387 0.4444999999995587 0 0
388 0.4449999999995574 0 0
389 0.445499999999557 0 0
390 0.4459999999995581 0 0
391 0.4464999999995591 0 0
392 0.4469999999995602 0 0
393 0.4474999999995613 0 0
394 0.4479999999995639 0 0
395 0.4484999999995672 0 0
396 0.4489999999995705 0 0
397 0.4494999999995739 0 0
398 0.4499999999995773 0 0
399 0.4504999999995783 0 0
400 0.4509999999995794 0 0
401 0.4514999999995805 0 0
402 0.4519999999995815 0 0
403 0.4524999999995818 0 0
404 0.4529999999995805 0 0
405 0.4534999999995792 0 0
406 0.453999999999578 0 0
407 0.4544999999995768 0 0
408 0.454999999999577 0 0
409 0.455499999999578 0 0
410 0.455999999999579 0 0
411 0.4564999999995801 0 0
412 0.4569999999995812 0 0
413 0.4574999999995844 0 0
414 0.4579999999995877 0 0
415 0.458499999999591 0 0
416 0.4589999999995944 0 0
417 0.4594999999995978 0 0
418 0.4599999999996012 0 0
419 0.4604999999996045 0 0
420 0.4609999999996078 0 0
421 0.4614999999996112 0 0
422 0.4619999999996133 0 0
423 0.4624999999996143 0 0
424 0.4629999999996154 0 0
425 0.4634999999996164 0 0
426 0.4639999999996174 0 0
427 0.4644999999996165 0 0
428 0.4649999999996152 0 0
429 0.465499999999614 0 0
430 0.4659999999996127 0 0
431 0.4664999999996119 0 0
432 0.466999999999613 0 0
433 0.467499999999614 0 0
434 0.467999999999615 0 0
435 0.4684999999996161 0 0
436 0.4689999999996183 0 0
437 0.4694999999996217 0 0
438 0.4699999999996251 0 0
439 0.4704999999996283 0 0
440 0.4709999999996317 0 0
441 0.4714999999996351 0 0
442 0.4719999999996384 0 0
443 0.4724999999996418 0 0
444 0.4729999999996452 0 0
445 0.4734999999996482 0 0
446 0.4739999999996493 0 0
447 0.4744999999996503 0 0
448 0.4749999999996514 0 0
449 0.4754999999996524 0 0
450 0.4759999999996525 0 0
451 0.4764999999996512 0 0
452 0.4769999999996499 0 0
453 0.4774999999996487 0 0
454 0.4779999999996474 0 0
455 0.4784999999996479 0 0
456 0.4789999999996489 0 0
457 0.47949999999965 0 0
458 0.479999999999651 0 0
459 0.4804999999996522 0 0
460 0.4809999999996556 0 0
461 0.4814999999996589 0 0
462 0.4819999999996623 0 0
463 0.4824999999996656 0 0
464 0.482999999999669 0 0
465 0.4834999999996724 0 0
466 0.4839999999996757 0 0
467 0.4844999999996791 0 0
468 0.4849999999996825 0 0
469 0.4854999999996842 0 0
470 0.4859999999996852 0 0
471 0.4864999999996863 0 0
472 0.4869999999996874 0 0
473 0.4874999999996884 0 0
474 0.4879999999996871 0 0
475 0.4884999999996859 0 0
476 0.4889999999996846 0 0
477 0.4894999999996834 0 0
478 0.4899999999996828 0 0
479 0.4904999999996839 0 0
480 0.4909999999996849 0 0
481 0.491499999999686 0 0
482 0.491999999999687 0 0
483 0.4924999999996895 0 0
484 0.4929999999996929 0 0
485 0.4934999999996962 0 0
486 0.4939999999996996 0 0
487 0.494499999999703 0 0
488 0.4949999999997063 0 0
489 0.4954999999997097 0 0
490 0.495999999999713 0 0
491 0.4964999999997164 0 0
492 0.4969999999997192 0 0
493 0.4974999999997202 0 0
494 0.4979999999997213 0 0
495 0.4984999999997223 0 0
496 0.4989999999997233 0 0
497 0.4994999999997218 0 0
498 0.4999999999997182 0 0
499 0.5004999999997146 0 0
500 0.500999999999711 0 0
501 0.5014999999997075 0 0
502 0.5019999999997059 0 0
503 0.5024999999997047 0 0
504 0.5029999999997035 0 0
505 0.5034999999997022 0 0
506 0.5039999999997018 0 0
507 0.5044999999997051 0 0
508 0.5049999999997085 0 0
509 0.5054999999997119 0 0
510 0.5059999999997151 0 0
511 0.5064999999997185 0 0
512 0.5069999999997219 0 0
513 0.5074999999997253 0 0
514 0.5079999999997287 0 0
515 0.5084999999997319 0 0
516 0.5089999999997316 0 0
517 0.5094999999997303 0 0
518 0.5099999999997291 0 0
519 0.5104999999997278 0 0
520 0.5109999999997259 0 0
521 0.5114999999997201 0 0
522 0.5119999999997142 0 0
523 0.5124999999997083 0 0
524 0.5129999999997024 0 0
525 0.5134999999996985 0 0
526 0.5139999999996974 0 0
527 0.514499999999696 0 0
528 0.5149999999996948 0 0
529 0.5154999999996935 0 0
530 0.5159999999996957 0 0
531 0.5164999999996991 0 0
532 0.5169999999997025 0 0
533 0.5174999999997058 0 0
534 0.5179999999997091 0 0
535 0.5184999999997125 0 0
536 0.5189999999997159 0 0
537 0.5194999999997192 0 0
538 0.5199999999997226 0 0
539 0.5204999999997242 0 0
540 0.5209999999997229 0 0
541 0.5214999999997216 0 0
542 0.5219999999997205 0 0
543 0.5224999999997192 0 0
544 0.5229999999997147 0 0
545 0.5234999999997088 0 0
546 0.5239999999997029 0 0
547 0.5244999999996971 0 0
548 0.5249999999996912 0 0
549 0.5254999999996899 0 0
550 0.5259999999996887 0 0
551 0.5264999999996873 0 0
552 0.5269999999996862 0 0
553 0.5274999999996863 0 0
554 0.5279999999996896 0 0
555 0.528499999999693 0 0
556 0.5289999999996964 0 0
557 0.5294999999996997 0 0
558 0.529999999999703 0 0
559 0.5304999999997064 0 0
560 0.5309999999997098 0 0
561 0.5314999999997132 0 0
562 0.5319999999997165 0 0
563 0.5324999999997155 0 0
564 0.5329999999997143 0 0
565 0.533499999999713 0 0
566 0.5339999999997118 0 0
567 0.5344999999997093 0 0
568 0.5349999999997035 0 0
569 0.5354999999996977 0 0
570 0.5359999999996916 0 0
571 0.5364999999996858 0 0
572 0.5369999999996825 0 0
573 0.5374999999996812 0 0
574 0.53799999999968 0 0
575 0.5384999999996787 0 0
576 0.5389999999996775 0 0
577 0.5394999999996802 0 0
578 0.5399999999996836 0 0
579 0.540499999999687 0 0
580 0.5409999999996904 0 0
581 0.5414999999996937 0 0
582 0.5419999999996971 0 0
583 0.5424999999997004 0 0
584 0.5429999999997037 0 0
585 0.5434999999997071 0 0
586 0.5439999999997082 0 0
587 0.5444999999997069 0 0
588 0.5449999999997056 0 0
589 0.5454999999997043 0 0
590 0.5459999999997032 0 0
591 0.5464999999996981 0 0
592 0.5469999999996922 0 0
593 0.5474999999996864 0 0
594 0.5479999999996804 0 0
595 0.5484999999996751 0 0
596 0.5489999999996739 0 0
597 0.5494999999996726 0 0
598 0.5499999999996714 0 0
599 0.55049999999967 0 0
600 0.5509999999996709 0 0
601 0.5514999999996741 0 0
602 0.5519999999996776 0 0
603 0.5524999999996809 0 0
604 0.5529999999996843 0 0
605 0.5534999999996877 0 0
606 0.553999999999691 0 0
607 0.5544999999996944 0 0
608 0.5549999999996977 0 0
609 0.555499999999701 0 0
610 0.5559999999997045 0 0
611 0.5564999999997078 0 0
612 0.5569999999997112 0 0
613 0.5574999999997146 0 0
614 0.5579999999997178 0 0
615 0.5584999999997212 0 0
616 0.5589999999997246 0 0
617 0.5594999999997279 0 0
618 0.5599999999997314 0 0
619 0.5604999999997347 0 0
620 0.560999999999738 0 0
621 0.5614999999997414 0 0
622 0.5619999999997447 0 0
623 0.5624999999997481 0 0
624 0.5629999999997515 0 0
625 0.5634999999997548 0 0
626 0.5639999999997581 0 0
627 0.5644999999997615 0 0
628 0.5649999999997648 0 0
629 0.5654999999997683 0 0
630 0.5659999999997716 0 0
631 0.566499999999775 0 0
632 0.5669999999997784 0 0
633 0.5674999999997816 0 0
634 0.5679999999997851 0 0
635 0.5684999999997884 0 0
636 0.5689999999997918 0 0
637 0.5694999999997951 0 0
638 0.5699999999997985 0 0
639 0.5704999999998018 0 0
640 0.5709999999998052 0 0
641 0.5714999999998085 0 0
642 0.5719999999998119 0 0
643 0.5724999999998153 0 0
644 0.5729999999998185 0 0
645 0.573499999999822 0 0
646 0.5739999999998253 0 0
647 0.5744999999998287 0 0
648 0.5749999999998321 0 0
649 0.5754999999998354 0 0
650 0.5759999999998389 0 0
651 0.5764999999998421 0 0
652 0.5769999999998455 0 0
653 0.5774999999998489 0 0
654 0.5779999999998522 0 0
655 0.5784999999998555 0 0
656 0.578999999999859 0 0
657 0.5794999999998622 0 0
658 0.5799999999998656 0 0
659 0.580499999999869 0 0
660 0.5809999999998723 0 0
661 0.5814999999998758 0 0
662 0.5819999999998791 0 0
663 0.5824999999998825 0 0
664 0.5829999999998858 0 0
665 0.5834999999998891 0 0
666 0.5839999999998926 0 0
667 0.5844999999998959 0 0
668 0.5849999999998993 0 0
669 0.5854999999999027 0 0
670 0.5859999999999059 0 0
671 0.5864999999999093 0 0
672 0.5869999999999127 0 0
673 0.587499999999916 0 0
674 0.5879999999999195 0 0
675 0.5884999999999228 0 0
676 0.588999999999926 0 0
677 0.5894999999999295 0 0
678 0.5899999999999328 0 0
679 0.5904999999999362 0 0
680 0.5909999999999396 0 0
681 0.5914999999999429 0 0
682 0.5919999999999462 0 0
683 0.5924999999999496 0 0
684 0.5929999999999529 0 0
685 0.5934999999999564 0 0
686 0.5939999999999597 0 0
687 0.5944999999999631 0 0
688 0.5949999999999664 0 0
689 0.5954999999999697 0 0
690 0.5959999999999732 0 0
691 0.5964999999999765 0 0
692 0.5969999999999799 0 0
693 0.5974999999999832 0 0
694 0.5979999999999865 0 0
695 0.5984999999999899 0 0
696 0.5989999999999933 0 0
697 0.5994999999999966 0 0
698 0.6005058394575051 0 0
699 0.6010278840634458 0 0
700 0.6015666531081994 0 0
701 0.602122682478378 0 0
702 0.6026965249796759 0 0
703 0.6032887515707021 0 0
704 0.6038999508051826 0 0
705 0.6045307309086869 0 0
706 0.6051817188375493 0 0
707 0.6058535622931719 0 0
708 0.6065469291534151 0 0
709 0.6072625091140319 0 0
710 0.6080010136477081 0 0
711 0.6087631773723402 0 0
712 0.6095497580696992 0 0
713 0.6103615381287955 0 0
714 0.6111993247264701 0 0
715 0.6120639510633993 0 0
716 0.6129562769896638 0 0
717 0.6138771900825222 0 0
718 0.6148276058910971 0 0
719 0.61580846954581 0 0
720 0.6168207566724828 0 0
721 0.6178654739834565 0 0
722 0.6189436601906933 0 0
723 0.6200563879353533 0 0
724 0.621204763350441 0 0
725 0.6223899289545921 0 0
726 0.6236130628426476 0 0
727 0.6248753816631184 0 0
728 0.6261781410251474 0 0
729 0.6275226359749337 0 0
730 0.6289102039049545 0 0
731 0.6303422245953302 0 0
732 0.6318201223129947 0 0
733 0.6333453665346543 0 0
734 0.6349194742611591 0 0
735 0.6365440110112443 0 0
736 0.6382205920812096 0 0
737 0.6399508849553252 0 0
738 0.6417366103210098 0 0
739 0.6435795439917579 0 0
740 0.6454815190411964 0 0
741 0.647444426486201 0 0
742 0.6494702188802389 0 0
743 0.6515609099708731 0 0
744 0.6537185800334291 0 0
745 0.6559453740976087 0 0
746 0.658243506446738 0 0
747 0.6606152634605141 0 0
748 0.6630630025903324 0 0
749 0.6655891589965634 0 0
750 0.6681962450657428 0 0
751 0.6708868525658247 0 0
752 0.6736636573075372 0 0
753 0.6765294219747781 0 0
754 0.6794869948788328 0 0
755 0.6825393186561081 0 0
756 0.6856894278819607 0 0
757 0.6889404556713556 0 0
758 0.6922956349208943 0 0
759 0.6957583022582519 0 0
760 0.6993319012178556 0 0
761 0.7030199863056864 0 0
762 0.7068262239103879 0 0
763 0.7107544011488962 0 0
764 0.7148084215365558 0 0
765 0.7189923203775489 0 0
766 0.7233102555247833 0 0
767 0.7277665221808918 0 0
768 0.7323655528561277 0 0
769 0.7371119188441275 0 0
770 0.7420103429237417 0 0
771 0.7470656948377324 0 0
772 0.7522830030764622 0 0
773 0.7576674551055374 0 0
774 0.7632244055440612 0 0
775 0.7689593820638238 0 0
776 0.7748780867815943 0 0
777 0.7809864055806925 0 0
778 0.7872904141323552 0 0
779 0.7937963802552289 0 0
780 0.8005107755957688 0 0
781 0.8074402762758968 0 0
782 0.814591773440853 0 0
783 0.8219723816934168 0 0
784 0.829589436542984 0 0
785 0.8374505128113943 0 0
786 0.8455634345794993 0 0
787 0.8539362628709908 0 0
788 0.8625773282056217 0 0
789 0.8714952240423795 0 0
790 0.8806988178724655 0 0
791 0.890197260588271 0 0