1 0 0 0
2 0.3 0 0
3 0.303 0 0
4 0.603 0 0
5 0.009805740334789348 0 0
6 0.01929417680792022 0 0
7 0.02847557945989673 0 0
8 0.03735988177377449 0 0
9 0.04595669481663488 0 0
10 0.05427532796357803 0 0
11 0.06232477657057973 0 0
12 0.07011375196775919 0 0
13 0.07765068769067512 0 0
14 0.08494373450636979 0 0
15 0.09200078626530119 0 0
16 0.09882947895976363 0 0
17 0.105437202740669 0 0
18 0.1118311069904875 0 0
19 0.1180181113987411 0 0
20 0.1240049112423293 0 0
21 0.1297979839001872 0 0
22 0.1354035990972346 0 0
23 0.1408278225288649 0 0
24 0.1460765243755517 0 0
25 0.1511553826649964 0 0
26 0.1560698952517237 0 0
27 0.160825378891665 0 0
28 0.1654269805388448 0 0
29 0.1698796793044851 0 0
30 0.1741882924983397 0 0
31 0.1783574842163977 0 0
32 0.1823917650350909 0 0
33 0.1862955017668783 0 0
34 0.1900729170882602 0 0
35 0.1937280992674982 0 0
36 0.1972650032675448 0 0
37 0.2006874569851281 0 0
38 0.2039991638034508 0 0
39 0.2072037071062016 0 0
40 0.2103045544743356 0 0
41 0.2133050620361451 0 0
42 0.2162084764520293 0 0
43 0.2190179390783404 0 0
44 0.2217364906932174 0 0
45 0.2243670726331423 0 0
46 0.2269125318421314 0 0
47 0.2293756231658577 0 0
48 0.2317590107924269 0 0
49 0.2340652747776241 0 0
50 0.2362969105074349 0 0
51 0.2384563326096272 0 0
52 0.2405458784442485 0 0
53 0.242567807922018 0 0
54 0.2445243106141523 0 0
55 0.2464175032696473 0 0
56 0.248249433800835 0 0
57 0.2500220851401957 0 0
58 0.2517373750778788 0 0
59 0.2533971602116373 0 0
60 0.2550032364685662 0 0
61 0.2565573417716077 0 0
62 0.2580611577838459 0 0
63 0.2595163119760409 0 0
64 0.2609243788735678 0 0
65 0.2622868820935354 0 0
66 0.2636052962534566 0 0
67 0.264881048058862 0 0
68 0.2661155177315469 0 0
69 0.2673100410962661 0 0
70 0.2684659111197189 0 0
71 0.2695843784913768 0 0
72 0.2706666535343255 0 0
73 0.2717139068233964 0 0
74 0.2727272725985233 0 0
75 0.2737078466121545 0 0
76 0.274656690535711 0 0
77 0.2755748307522695 0 0
78 0.2764632608905761 0 0
79 0.2773229424236233 0 0
80 0.2781548055146411 0 0
81 0.278959750365488 0 0
82 0.2797386481188576 0 0
83 0.2804923414734768 0 0
84 0.2812216461998853 0 0
85 0.2819273514142421 0 0
86 0.2826102206436083 0 0
87 0.2832709929221979 0 0
88 0.2839103834278502 0 0
89 0.2845290838291363 0 0
90 0.2851277638499395 0 0
91 0.2857070710729844 0 0
92 0.2862676326696001 0 0
93 0.2868100549275545 0 0
94 0.2873349250785733 0 0
95 0.2878428109770623 0 0
96 0.28833426215521 0 0
97 0.2888098107060585 0 0
98 0.2892699708630027 0 0
99 0.2897152406692906 0 0
100 0.2901461020700036 0 0
101 0.2905630212584406 0 0
102 0.2909664493436177 0 0
103 0.2913568229262004 0 0
104 0.2917345644445868 0 0
105 0.2921000826228635 0 0
106 0.2924537730956305 0 0
107 0.2927960183972027 0 0
108 0.2931271890800173 0 0
109 0.2934476434081916 0 0
110 0.2937577281649937 0 0
111 0.2940577789270001 0 0
112 0.2943481203284641 0 0
113 0.2946290666023049 0 0
114 0.2949009217850453 0 0
115 0.2951639800080305 0 0
116 0.2954185258873066 0 0
117 0.2956648350255882 0 0
118 0.2959031738167514 0 0
119 0.2961338001987017 0 0
120 0.2963569637631472 0 0
121 0.296572905988741 0 0
122 0.2967818605709226 0 0
123 0.2969840535653189 0 0
124 0.2971797038250487 0 0
125 0.2973690230752949 0 0
126 0.297552216121452 0 0
127 0.2977294812504972 0 0
128 0.2979010102451378 0 0
129 0.2980669887576302 0 0
130 0.298227596362622 0 0
131 0.298383006907733 0 0
132 0.2985333884835472 0 0
133 0.2986789038986824 0 0
134 0.2988197105883029 0 0
135 0.2989559609234451 0 0
136 0.2990878023589971 0 0
137 0.2992153774983463 0 0
138 0.2993388244735834 0 0
139 0.299458276819301 0 0
140 0.2995738638558318 0 0
141 0.2996857105856146 0 0
142 0.2997939380771663 0 0
143 0.2998986634377735 0 0
144 0.3001000000000528 0 0
145 0.3002000000001055 0 0
146 0.3003000000001583 0 0
147 0.3004000000001337 0 0
148 0.300500000000094 0 0
149 0.3006000000000542 0 0
150 0.3007000000000145 0 0
151 0.3007999999999747 0 0
152 0.3008999999999349 0 0
153 0.3009999999998952 0 0
154 0.3010999999998554 0 0
155 0.3011999999998309 0 0
156 0.3012999999998836 0 0
157 0.3013999999999364 0 0
158 0.3014999999999892 0 0
159 0.3016000000000419 0 0
160 0.3017000000000947 0 0
161 0.3018000000001475 0 0
162 0.3019000000001229 0 0
163 0.3020000000000831 0 0
164 0.3021000000000433 0 0
165 0.3022000000000036 0 0
166 0.3022999999999639 0 0
167 0.3023999999999241 0 0
168 0.3024999999998844 0 0
169 0.3025999999998446 0 0
170 0.3026999999998417 0 0
171 0.3027999999998945 0 0
172 0.3028999999999472 0 0
173 0.3031013365622265 0 0
174 0.3032060619228336 0 0
175 0.3033142894143854 0 0
176 0.3034261361441681 0 0
177 0.3035417231806989 0 0
178 0.3036611755264164 0 0
179 0.3037846225016535 0 0
180 0.3039121976410027 0 0
181 0.3040440390765546 0 0
182 0.3041802894116967 0 0
183 0.3043210961013171 0 0
184 0.3044666115164523 0 0
185 0.3046169930922665 0 0
186 0.3047724036373774 0 0
187 0.3049330112423692 0 0
188 0.3050989897548614 0 0
189 0.305270518749502 0 0
190 0.3054477838785472 0 0
191 0.3056309769247041 0 0
192 0.3058202961749503 0 0
193 0.3060159464346799 0 0
194 0.3062181394290761 0 0
195 0.3064270940112576 0 0
196 0.3066430362368513 0 0
197 0.3068661998012967 0 0
198 0.3070968261832469 0 0
199 0.30733516497441 0 0
200 0.3075814741126914 0 0
201 0.3078360199919673 0 0
202 0.3080990782149524 0 0
203 0.3083709333976927 0 0
204 0.3086518796715332 0 0
205 0.3089422210729971 0 0
206 0.3092422718350034 0 0
207 0.3095523565918052 0 0
208 0.3098728109199793 0 0
209 0.3102039816027938 0 0
210 0.3105462269043656 0 0
211 0.3108999173771324 0 0
212 0.3112654355554089 0 0
213 0.311643177073795 0 0
214 0.3120335506563775 0 0
215 0.3124369787415541 0 0
216 0.3128538979299908 0 0
217 0.3132847593307035 0 0
218 0.3137300291369911 0 0
219 0.3141901892939349 0 0
220 0.3146657378447832 0 0
221 0.3151571890229304 0 0
222 0.315665074921419 0 0
223 0.3161899450724374 0 0
224 0.3167323673303914 0 0
225 0.3172929289270066 0 0
226 0.3178722361500511 0 0
227 0.3184709161708538 0 0
228 0.3190896165721384 0 0
229 0.319729007077789 0 0
230 0.3203897793563766 0 0
231 0.3210726485857409 0 0
232 0.3217783538000957 0 0
233 0.3225076585265033 0 0
234 0.3232613518811217 0 0
235 0.3240402496344903 0 0
236 0.3248451944853362 0 0
237 0.3256770575763531 0 0
238 0.3265367391093992 0 0
239 0.3274251692477048 0 0
240 0.3283433094642622 0 0
241 0.3292921533878175 0 0
242 0.3302727274014474 0 0
243 0.331286093176573 0 0
244 0.3323333464656425 0 0
245 0.3334156215085899 0 0
246 0.3345340888802459 0 0
247 0.335689958903695 0 0
248 0.3368844822684105 0 0
249 0.3381189519410913 0 0
250 0.3393947037464923 0 0
251 0.3407131179064086 0 0
252 0.3420756211263686 0 0
253 0.3434836880238877 0 0
254 0.3449388422160745 0 0
255 0.3464426582283039 0 0
256 0.347996763531336 0 0
257 0.3496028397882551 0 0
258 0.3512626249220032 0 0
259 0.3529779148596752 0 0
260 0.3547505661990244 0 0
261 0.3565824967301999 0 0
262 0.3584756893856821 0 0
263 0.3604321920778029 0 0
264 0.3624541215555582 0 0
265 0.3645436673901644 0 0
266 0.3667030894923411 0 0
267 0.3689347252221351 0 0
268 0.3712409892073147 0 0
269 0.3736243768338655 0 0
270 0.3760874681575724 0 0
271 0.3786329273665413 0 0
272 0.3812635093064449 0 0
273 0.3839820609212996 0 0
274 0.386791523547587 0 0
275 0.3896949379634467 0 0
276 0.3926954455252306 0 0
277 0.3957962928933375 0 0
278 0.3990008361960594 0 0
279 0.4023125430143523 0 0
280 0.4057349967319043 0 0
281 0.4092719007319181 0 0
282 0.4129270829111218 0 0
283 0.41670449823247 0 0
284 0.4206082349642266 0 0
285 0.4246425157828885 0 0
286 0.4288117075009134 0 0
287 0.4331203206947336 0 0
288 0.4375730194603379 0 0
289 0.4421746211074804 0 0
290 0.4469301047473828 0 0
291 0.4518446173340696 0 0
292 0.4569234756235164 0 0
293 0.4621721774702199 0 0
294 0.4675964009018687 0 0
295 0.4732020160989373 0 0
296 0.4789950887568185 0 0
297 0.4849818886004326 0 0
298 0.4911688930087141 0 0
299 0.4975627972585642 0 0
300 0.5041705210395192 0 0
301 0.5109992137340461 0 0
302 0.5180562654930457 0 0
303 0.5253493123088134 0 0
304 0.5328862480318087 0 0
305 0.5406752234290735 0 0
306 0.5487246720361687 0 0
307 0.5570433051831799 0 0
308 0.5656401182260812 0 0
309 0.5745244205399891 0 0
310 0.5837058231919978 0 0
311 0.59319425966517 0 0