1 0 0 0
2 0.3 0 0
3 0.6 0 0
4 0.8999999999999999 0 0
5 0.009820336219173609 0 0
6 0.01935135519233596 0 0
7 0.02860158071399285 0 0
8 0.03757928751007259 0 0
9 0.04629250078729755 0 0
10 0.05474901174261347 0 0
11 0.06295638723283148 0 0
12 0.07092196538369641 0 0
13 0.07865287041258706 0 0
14 0.08615601293777495 0 0
15 0.09343810665661732 0 0
16 0.1005056637904962 0 0
17 0.1073650024221446 0 0
18 0.1140222575588008 0 0
19 0.1204833842131853 0 0
20 0.1267541582380256 0 0
21 0.1328401892486993 0 0
22 0.138746919976982 0 0
23 0.1444796323574374 0 0
24 0.1500434533370716 0 0
25 0.1554433580933534 0 0
26 0.160684176639405 0 0
27 0.165770595048449 0 0
28 0.1707071625145961 0 0
29 0.175498293981605 0 0
30 0.1801482737289514 0 0
31 0.1846612600387788 0 0
32 0.1890412902633406 0 0
33 0.1932922793383165 0 0
34 0.1974180302335273 0 0
35 0.2014222323523628 0 0
36 0.2053084662811043 0 0
37 0.20908020816159 0 0
38 0.2127408308037408 0 0
39 0.2162936084048116 0 0
40 0.219741717119895 0 0
41 0.2230882407671202 0 0
42 0.2263361729225977 0 0
43 0.2294884172591908 0 0
44 0.2325477933285415 0 0
45 0.2355170370563427 0 0
46 0.2383988040538567 0 0
47 0.2411956710861348 0 0
48 0.2439101398106945 0 0
49 0.2465446373483996 0 0
50 0.2491015200858642 0 0
51 0.2515830744562673 0 0
52 0.2539915195576229 0 0
53 0.2563290099736475 0 0
54 0.2585976349483612 0 0
55 0.2607994241159166 0 0
56 0.2629363462824446 0 0
57 0.2650103127615106 0 0
58 0.2670231781237354 0 0
59 0.2689767418257099 0 0
60 0.2708727520251913 0 0
61 0.2727129038576655 0 0
62 0.274498843271519 0 0
63 0.2762321669197994 0 0
64 0.2779144248742037 0 0
65 0.279547122086699 0 0
66 0.2811317181667453 0 0
67 0.2826696305135024 0 0
68 0.2841622343719482 0 0
69 0.2856108645161236 0 0
70 0.2870168167713781 0 0
71 0.2883813481819301 0 0
72 0.2897056789129263 0 0
73 0.2909909939019474 0 0
74 0.292238441849776 0 0
75 0.2934491387927391 0 0
76 0.2946241675572163 0 0
77 0.2957645785902828 0 0
78 0.2968713920928948 0 0
79 0.2979455976618483 0 0
80 0.2989881560808151 0 0
81 0.3010000000000021 0 0
82 0.3020000000000042 0 0
83 0.3030000000000033 0 0
84 0.3040000000000007 0 0
85 0.3049999999999982 0 0
86 0.3059999999999957 0 0
87 0.3069999999999931 0 0
88 0.3079999999999906 0 0
89 0.3089999999999881 0 0
90 0.3099999999999885 0 0
91 0.3109999999999905 0 0
92 0.3119999999999926 0 0
93 0.3129999999999947 0 0
94 0.3139999999999968 0 0
95 0.3149999999999946 0 0
96 0.3159999999999921 0 0
97 0.3169999999999895 0 0
98 0.317999999999987 0 0
99 0.3189999999999845 0 0
100 0.3199999999999819 0 0
101 0.3209999999999794 0 0
102 0.3219999999999811 0 0
103 0.3229999999999832 0 0
104 0.3239999999999852 0 0
105 0.3249999999999874 0 0
106 0.3259999999999885 0 0
107 0.3269999999999859 0 0
108 0.3279999999999834 0 0
109 0.3289999999999809 0 0
110 0.3299999999999783 0 0
111 0.3309999999999758 0 0
112 0.3319999999999733 0 0
113 0.3329999999999708 0 0
114 0.3339999999999682 0 0
115 0.3349999999999657 0 0
116 0.3359999999999632 0 0
117 0.3369999999999606 0 0
118 0.3379999999999581 0 0
119 0.3389999999999556 0 0
120 0.3399999999999531 0 0
121 0.3409999999999505 0 0
122 0.341999999999948 0 0
123 0.3429999999999455 0 0
124 0.3439999999999429 0 0
125 0.3449999999999382 0 0
126 0.3459999999999311 0 0
127 0.3469999999999239 0 0
128 0.3479999999999168 0 0
129 0.3489999999999096 0 0
130 0.3499999999999061 0 0
131 0.3509999999999036 0 0
132 0.351999999999901 0 0
133 0.3529999999998985 0 0
134 0.353999999999896 0 0
135 0.3549999999998934 0 0
136 0.3559999999998909 0 0
137 0.3569999999998849 0 0
138 0.3579999999998778 0 0
139 0.3589999999998706 0 0
140 0.3599999999998634 0 0
141 0.3609999999998566 0 0
142 0.3619999999998541 0 0
143 0.3629999999998515 0 0
144 0.363999999999849 0 0
145 0.3649999999998465 0 0
146 0.3659999999998439 0 0
147 0.3669999999998414 0 0
148 0.3679999999998387 0 0
149 0.3689999999998316 0 0
150 0.3699999999998244 0 0
151 0.3709999999998173 0 0
152 0.3719999999998101 0 0
153 0.3729999999998045 0 0
154 0.373999999999802 0 0
155 0.3749999999997995 0 0
156 0.3759999999997969 0 0
157 0.3769999999997944 0 0
158 0.3779999999997919 0 0
159 0.3789999999997894 0 0
160 0.3799999999997854 0 0
161 0.3809999999997782 0 0
162 0.3819999999997711 0 0
163 0.3829999999997639 0 0
164 0.3839999999997568 0 0
165 0.3849999999997525 0 0
166 0.38599999999975 0 0
167 0.3869999999997474 0 0
168 0.3879999999997449 0 0
169 0.3889999999997424 0 0
170 0.3899999999997399 0 0
171 0.3909999999997373 0 0
172 0.3919999999997321 0 0
173 0.3929999999997249 0 0
174 0.3939999999997177 0 0
175 0.3949999999997106 0 0
176 0.3959999999997034 0 0
177 0.3969999999997005 0 0
178 0.3979999999996979 0 0
179 0.3989999999996954 0 0
180 0.3999999999996929 0 0
181 0.4009999999996903 0 0
182 0.4019999999996878 0 0
183 0.4029999999996853 0 0
184 0.4039999999996787 0 0
185 0.4049999999996716 0 0
186 0.4059999999996644 0 0
187 0.4069999999996573 0 0
188 0.407999999999651 0 0
189 0.4089999999996484 0 0
190 0.4099999999996459 0 0
191 0.4109999999996473 0 0
192 0.4119999999996494 0 0
193 0.4129999999996515 0 0
194 0.4139999999996535 0 0
195 0.4149999999996542 0 0
196 0.4159999999996471 0 0
197 0.4169999999996399 0 0
198 0.4179999999996328 0 0
199 0.4189999999996256 0 0
200 0.4199999999996206 0 0
201 0.4209999999996181 0 0
202 0.4219999999996161 0 0
203 0.4229999999996182 0 0
204 0.4239999999996204 0 0
205 0.4249999999996225 0 0
206 0.4259999999996245 0 0
207 0.4269999999996226 0 0
208 0.4279999999996154 0 0
209 0.4289999999996083 0 0
210 0.4299999999996011 0 0
211 0.4309999999995939 0 0
212 0.4319999999995903 0 0
213 0.4329999999995877 0 0
214 0.4339999999995871 0 0
215 0.4349999999995892 0 0
216 0.4359999999995913 0 0
217 0.4369999999995934 0 0
218 0.4379999999995955 0 0
219 0.4389999999995909 0 0
220 0.4399999999995838 0 0
221 0.4409999999995766 0 0
222 0.4419999999995695 0 0
223 0.4429999999995625 0 0
224 0.44399999999956 0 0
225 0.4449999999995574 0 0
226 0.4459999999995581 0 0
227 0.4469999999995602 0 0
228 0.4479999999995639 0 0
229 0.4489999999995705 0 0
230 0.4499999999995773 0 0
231 0.4509999999995794 0 0
232 0.4519999999995815 0 0
233 0.4529999999995805 0 0
234 0.453999999999578 0 0
235 0.454999999999577 0 0
236 0.455999999999579 0 0
237 0.4569999999995812 0 0
238 0.4579999999995877 0 0
239 0.4589999999995944 0 0
240 0.4599999999996012 0 0
241 0.4609999999996078 0 0
242 0.4619999999996133 0 0
243 0.4629999999996154 0 0
244 0.4639999999996174 0 0
245 0.4649999999996152 0 0
246 0.4659999999996127 0 0
247 0.466999999999613 0 0
248 0.467999999999615 0 0
249 0.4689999999996183 0 0
250 0.4699999999996251 0 0
251 0.4709999999996317 0 0
252 0.4719999999996384 0 0
253 0.4729999999996452 0 0
254 0.4739999999996493 0 0
255 0.4749999999996514 0 0
256 0.4759999999996525 0 0
257 0.4769999999996499 0 0
258 0.4779999999996474 0 0
259 0.4789999999996489 0 0
260 0.479999999999651 0 0
261 0.4809999999996556 0 0
262 0.4819999999996623 0 0
263 0.482999999999669 0 0
264 0.4839999999996757 0 0
265 0.4849999999996825 0 0
266 0.4859999999996852 0 0
267 0.4869999999996874 0 0
268 0.4879999999996871 0 0
269 0.4889999999996846 0 0
270 0.4899999999996828 0 0
271 0.4909999999996849 0 0
272 0.491999999999687 0 0
273 0.4929999999996929 0 0
274 0.4939999999996996 0 0
275 0.4949999999997063 0 0
276 0.495999999999713 0 0
277 0.4969999999997192 0 0
278 0.4979999999997213 0 0
279 0.4989999999997233 0 0
280 0.4999999999997182 0 0
281 0.500999999999711 0 0
282 0.5019999999997059 0 0
283 0.5029999999997035 0 0
284 0.5039999999997018 0 0
285 0.5049999999997085 0 0
286 0.5059999999997151 0 0
287 0.5069999999997219 0 0
288 0.5079999999997287 0 0
289 0.5089999999997316 0 0
290 0.5099999999997291 0 0
291 0.5109999999997259 0 0
292 0.5119999999997142 0 0
293 0.5129999999997024 0 0
294 0.5139999999996974 0 0
295 0.5149999999996948 0 0
296 0.5159999999996957 0 0
297 0.5169999999997025 0 0
298 0.5179999999997091 0 0
299 0.5189999999997159 0 0
300 0.5199999999997226 0 0
301 0.5209999999997229 0 0
302 0.5219999999997205 0 0
303 0.5229999999997147 0 0
304 0.5239999999997029 0 0
305 0.5249999999996912 0 0
306 0.5259999999996887 0 0
307 0.5269999999996862 0 0
308 0.5279999999996896 0 0
309 0.5289999999996964 0 0
310 0.529999999999703 0 0
311 0.5309999999997098 0 0
312 0.5319999999997165 0 0
313 0.5329999999997143 0 0
314 0.5339999999997118 0 0
315 0.5349999999997035 0 0
316 0.5359999999996916 0 0
317 0.5369999999996825 0 0
318 0.53799999999968 0 0
319 0.5389999999996775 0 0
320 0.5399999999996836 0 0
321 0.5409999999996904 0 0
322 0.5419999999996971 0 0
323 0.5429999999997037 0 0
324 0.5439999999997082 0 0
325 0.5449999999997056 0 0
326 0.5459999999997032 0 0
327 0.5469999999996922 0 0
328 0.5479999999996804 0 0
329 0.5489999999996739 0 0
330 0.5499999999996714 0 0
331 0.5509999999996709 0 0
332 0.5519999999996776 0 0
333 0.5529999999996843 0 0
334 0.553999999999691 0 0
335 0.5549999999996977 0 0
336 0.5559999999997045 0 0
337 0.5569999999997112 0 0
338 0.5579999999997178 0 0
339 0.5589999999997246 0 0
340 0.5599999999997314 0 0
341 0.560999999999738 0 0
342 0.5619999999997447 0 0
343 0.5629999999997515 0 0
344 0.5639999999997581 0 0
345 0.5649999999997648 0 0
346 0.5659999999997716 0 0
347 0.5669999999997784 0 0
348 0.5679999999997851 0 0
349 0.5689999999997918 0 0
350 0.5699999999997985 0 0
351 0.5709999999998052 0 0
352 0.5719999999998119 0 0
353 0.5729999999998185 0 0
354 0.5739999999998253 0 0
355 0.5749999999998321 0 0
356 0.5759999999998389 0 0
357 0.5769999999998455 0 0
358 0.5779999999998522 0 0
359 0.578999999999859 0 0
360 0.5799999999998656 0 0
361 0.5809999999998723 0 0
362 0.5819999999998791 0 0
363 0.5829999999998858 0 0
364 0.5839999999998926 0 0
365 0.5849999999998993 0 0
366 0.5859999999999059 0 0
367 0.5869999999999127 0 0
368 0.5879999999999195 0 0
369 0.588999999999926 0 0
370 0.5899999999999328 0 0
371 0.5909999999999396 0 0
372 0.5919999999999462 0 0
373 0.5929999999999529 0 0
374 0.5939999999999597 0 0
375 0.5949999999999664 0 0
376 0.5959999999999732 0 0
377 0.5969999999999799 0 0
378 0.5979999999999865 0 0
379 0.5989999999999933 0 0
380 0.6010118439191882 0 0
381 0.6020544023381582 0 0
382 0.6031286079071153 0 0
383 0.604235421409731 0 0
384 0.6053758324428015 0 0
385 0.6065508612072827 0 0
386 0.6077615581502502 0 0
387 0.6090090060980834 0 0
388 0.6102943210871095 0 0
389 0.6116186518181107 0 0
390 0.6129831832286683 0 0
391 0.6143891354839288 0 0
392 0.6158377656281102 0 0
393 0.6173303694865624 0 0
394 0.6188682818333263 0 0
395 0.6204528779133796 0 0
396 0.6220855751258824 0 0
397 0.6237678330802945 0 0
398 0.6255011567285831 0 0
399 0.6272870961424452 0 0
400 0.6291272479749285 0 0
401 0.6310232581744197 0 0
402 0.6329768218764039 0 0
403 0.6349896872386394 0 0
404 0.6370636537177166 0 0
405 0.6392005758842558 0 0
406 0.6414023650518206 0 0
407 0.6436709900265385 0 0
408 0.6460084804425671 0 0
409 0.6484169255439269 0 0
410 0.6508984799143344 0 0
411 0.6534553626518034 0 0
412 0.6560898601895127 0 0
413 0.6588043289140767 0 0
414 0.6616011959463595 0 0
415 0.664482962943878 0 0
416 0.667452206671684 0 0
417 0.6705115827410396 0 0
418 0.6736638270776376 0 0
419 0.6769117592331201 0 0
420 0.6802582828803505 0 0
421 0.683706391595439 0 0
422 0.6872591691965154 0 0
423 0.6909197918386716 0 0
424 0.6946915337191602 0 0
425 0.6985777676478921 0 0
426 0.7025819697667182 0 0
427 0.7067077206619202 0 0
428 0.7109587097369006 0 0
429 0.7153387399614668 0 0
430 0.7198517262712981 0 0
431 0.7245017060186496 0 0
432 0.729292837485663 0 0
433 0.7342294049518147 0 0
434 0.7393158233608703 0 0
435 0.744556641906946 0 0
436 0.7499565466632541 0 0
437 0.7555203676429667 0 0
438 0.7612530800235059 0 0
439 0.7671598107518598 0 0
440 0.7732458417626031 0 0
441 0.7795166157875171 0 0
442 0.7859777424419796 0 0
443 0.7926349975787177 0 0
444 0.7994943362104522 0 0
445 0.8065618933426217 0 0
446 0.8138439870615051 0 0
447 0.8213471295867366 0 0
448 0.829078034615674 0 0
449 0.837043612766589 0 0
450 0.8452509882568897 0 0
451 0.8537074992122959 0 0
452 0.8624207124896178 0 0
453 0.8713984192857875 0 0
454 0.8806486448075197 0 0
455 0.8901796637807531 0 0