1 0 0 0
2 0.3 0 0
3 0.303 0 0
4 0.603 0 0
5 0.000999999999998089 0 0
6 0.001999999999996178 0 0
7 0.002999999999994318 0 0
8 0.003999999999992484 0 0
9 0.004999999999990652 0 0
10 0.005999999999988818 0 0
11 0.006999999999986985 0 0
12 0.007999999999985012 0 0
13 0.008999999999983036 0 0
14 0.009999999999980924 0 0
15 0.01099999999997873 0 0
16 0.01199999999997653 0 0
17 0.01299999999997434 0 0
18 0.01399999999997214 0 0
19 0.01499999999996995 0 0
20 0.01599999999996775 0 0
21 0.01699999999996564 0 0
22 0.01799999999996359 0 0
23 0.01899999999996169 0 0
24 0.01999999999996022 0 0
25 0.02099999999995875 0 0
26 0.02199999999995728 0 0
27 0.0229999999999558 0 0
28 0.02399999999995417 0 0
29 0.02499999999995241 0 0
30 0.02599999999995071 0 0
31 0.02699999999994924 0 0
32 0.02799999999994777 0 0
33 0.02899999999994629 0 0
34 0.02999999999994482 0 0
35 0.0309999999999432 0 0
36 0.03199999999994144 0 0
37 0.03299999999993968 0 0
38 0.03399999999993791 0 0
39 0.03499999999993616 0 0
40 0.0359999999999344 0 0
41 0.03699999999993264 0 0
42 0.03799999999993059 0 0
43 0.03899999999992825 0 0
44 0.03999999999992582 0 0
45 0.04099999999992291 0 0
46 0.04199999999991998 0 0
47 0.04299999999991707 0 0
48 0.04399999999991415 0 0
49 0.04499999999991124 0 0
50 0.04599999999990832 0 0
51 0.0469999999999054 0 0
52 0.04799999999990248 0 0
53 0.04899999999989956 0 0
54 0.04999999999989665 0 0
55 0.05099999999989373 0 0
56 0.05199999999989081 0 0
57 0.05299999999988789 0 0
58 0.05399999999988503 0 0
59 0.05499999999988269 0 0
60 0.05599999999988035 0 0
61 0.05699999999987801 0 0
62 0.05799999999987568 0 0
63 0.05899999999987311 0 0
64 0.05999999999987018 0 0
65 0.06099999999986727 0 0
66 0.06199999999986434 0 0
67 0.06299999999986143 0 0
68 0.06399999999985852 0 0
69 0.0649999999998556 0 0
70 0.06599999999985268 0 0
71 0.06699999999984976 0 0
72 0.06799999999984684 0 0
73 0.06899999999984392 0 0
74 0.06999999999984102 0 0
75 0.0709999999998381 0 0
76 0.07199999999983518 0 0
77 0.07299999999983226 0 0
78 0.07399999999982934 0 0
79 0.07499999999982643 0 0
80 0.07599999999982351 0 0
81 0.07699999999982059 0 0
82 0.07799999999981766 0 0
83 0.07899999999981476 0 0
84 0.07999999999981185 0 0
85 0.08099999999980892 0 0
86 0.08199999999980602 0 0
87 0.08299999999980309 0 0
88 0.08399999999980017 0 0
89 0.08499999999979725 0 0
90 0.08599999999979434 0 0
91 0.08699999999979141 0 0
92 0.0879999999997885 0 0
93 0.08899999999978557 0 0
94 0.08999999999978266 0 0
95 0.09099999999977976 0 0
96 0.09199999999977683 0 0
97 0.09299999999977392 0 0
98 0.093999999999771 0 0
99 0.09499999999976808 0 0
100 0.09599999999976515 0 0
101 0.09699999999976225 0 0
102 0.09799999999975932 0 0
103 0.09899999999975639 0 0
104 0.09999999999975349 0 0
105 0.1009999999997506 0 0
106 0.1019999999997477 0 0
107 0.1029999999997447 0 0
108 0.1039999999997418 0 0
109 0.1049999999997389 0 0
110 0.105999999999736 0 0
111 0.1069999999997331 0 0
112 0.1079999999997302 0 0
113 0.1089999999997272 0 0
114 0.1099999999997243 0 0
115 0.1109999999997224 0 0
116 0.1119999999997206 0 0
117 0.1129999999997189 0 0
118 0.1139999999997171 0 0
119 0.1149999999997152 0 0
120 0.1159999999997122 0 0
121 0.1169999999997093 0 0
122 0.1179999999997064 0 0
123 0.1189999999997035 0 0
124 0.1199999999997006 0 0
125 0.1209999999996976 0 0
126 0.1219999999996947 0 0
127 0.1229999999996918 0 0
128 0.1239999999996889 0 0
129 0.124999999999686 0 0
130 0.1259999999996831 0 0
131 0.1269999999996802 0 0
132 0.1279999999996772 0 0
133 0.1289999999996744 0 0
134 0.1299999999996714 0 0
135 0.1309999999996685 0 0
136 0.1319999999996656 0 0
137 0.1329999999996627 0 0
138 0.1339999999996598 0 0
139 0.1349999999996569 0 0
140 0.1359999999996539 0 0
141 0.136999999999651 0 0
142 0.1379999999996481 0 0
143 0.1389999999996452 0 0
144 0.1399999999996423 0 0
145 0.1409999999996394 0 0
146 0.1419999999996365 0 0
147 0.1429999999996335 0 0
148 0.1439999999996307 0 0
149 0.1449999999996277 0 0
150 0.1459999999996248 0 0
151 0.1469999999996219 0 0
152 0.1479999999996198 0 0
153 0.1489999999996192 0 0
154 0.1499999999996186 0 0
155 0.1509999999996203 0 0
156 0.151999999999622 0 0
157 0.1529999999996237 0 0
158 0.1539999999996254 0 0
159 0.1549999999996271 0 0
160 0.1559999999996288 0 0
161 0.1569999999996306 0 0
162 0.1579999999996322 0 0
163 0.158999999999634 0 0
164 0.1599999999996371 0 0
165 0.1609999999996411 0 0
166 0.1619999999996452 0 0
167 0.1629999999996492 0 0
168 0.1639999999996532 0 0
169 0.1649999999996551 0 0
170 0.1659999999996568 0 0
171 0.1669999999996585 0 0
172 0.1679999999996602 0 0
173 0.1689999999996619 0 0
174 0.1699999999996636 0 0
175 0.1709999999996653 0 0
176 0.1719999999996691 0 0
177 0.1729999999996732 0 0
178 0.1739999999996772 0 0
179 0.1749999999996812 0 0
180 0.1759999999996847 0 0
181 0.1769999999996864 0 0
182 0.1779999999996881 0 0
183 0.1789999999996899 0 0
184 0.1799999999996916 0 0
185 0.1809999999996933 0 0
186 0.181999999999695 0 0
187 0.1829999999996971 0 0
188 0.1839999999997012 0 0
189 0.1849999999997052 0 0
190 0.1859999999997092 0 0
191 0.1869999999997132 0 0
192 0.1879999999997161 0 0
193 0.1889999999997178 0 0
194 0.1899999999997195 0 0
195 0.1909999999997212 0 0
196 0.1919999999997229 0 0
197 0.1929999999997246 0 0
198 0.1939999999997263 0 0
199 0.1949999999997291 0 0
200 0.1959999999997331 0 0
201 0.1969999999997372 0 0
202 0.1979999999997412 0 0
203 0.1989999999997452 0 0
204 0.1999999999997474 0 0
205 0.2009999999997491 0 0
206 0.2019999999997508 0 0
207 0.2029999999997526 0 0
208 0.2039999999997543 0 0
209 0.204999999999756 0 0
210 0.2059999999997577 0 0
211 0.2069999999997611 0 0
212 0.2079999999997652 0 0
213 0.2089999999997692 0 0
214 0.2099999999997732 0 0
215 0.2109999999997771 0 0
216 0.2119999999997788 0 0
217 0.2129999999997805 0 0
218 0.2139999999997822 0 0
219 0.214999999999784 0 0
220 0.2159999999997856 0 0
221 0.2169999999997873 0 0
222 0.2179999999997891 0 0
223 0.2189999999997932 0 0
224 0.2199999999997972 0 0
225 0.2209999999998012 0 0
226 0.2219999999998052 0 0
227 0.2229999999998085 0 0
228 0.2239999999998102 0 0
229 0.2249999999998119 0 0
230 0.2259999999998136 0 0
231 0.2269999999998153 0 0
232 0.2279999999998185 0 0
233 0.2289999999998225 0 0
234 0.2299999999998266 0 0
235 0.2309999999998306 0 0
236 0.2319999999998346 0 0
237 0.2329999999998364 0 0
238 0.2339999999998381 0 0
239 0.2349999999998398 0 0
240 0.2359999999998415 0 0
241 0.2369999999998432 0 0
242 0.237999999999845 0 0
243 0.2389999999998467 0 0
244 0.2399999999998505 0 0
245 0.2409999999998546 0 0
246 0.2419999999998586 0 0
247 0.2429999999998626 0 0
248 0.2439999999998661 0 0
249 0.2449999999998678 0 0
250 0.2459999999998695 0 0
251 0.2469999999998712 0 0
252 0.2479999999998729 0 0
253 0.2489999999998733 0 0
254 0.2499999999998727 0 0
255 0.2509999999998726 0 0
256 0.2519999999998743 0 0
257 0.252999999999876 0 0
258 0.2539999999998777 0 0
259 0.2549999999998794 0 0
260 0.2559999999998811 0 0
261 0.2569999999998828 0 0
262 0.2579999999998854 0 0
263 0.2589999999998917 0 0
264 0.259999999999898 0 0
265 0.2609999999999005 0 0
266 0.2619999999999022 0 0
267 0.2629999999999039 0 0
268 0.2639999999999056 0 0
269 0.2649999999999073 0 0
270 0.2659999999999091 0 0
271 0.2669999999999108 0 0
272 0.2679999999999125 0 0
273 0.2689999999999143 0 0
274 0.2699999999999181 0 0
275 0.2709999999999245 0 0
276 0.2719999999999302 0 0
277 0.272999999999932 0 0
278 0.2739999999999336 0 0
279 0.2749999999999354 0 0
280 0.2759999999999371 0 0
281 0.2769999999999389 0 0
282 0.2779999999999405 0 0
283 0.2789999999999422 0 0
284 0.279999999999944 0 0
285 0.2809999999999457 0 0
286 0.2819999999999509 0 0
287 0.2829999999999572 0 0
288 0.2839999999999617 0 0
289 0.2849999999999634 0 0
290 0.2859999999999651 0 0
291 0.2869999999999668 0 0
292 0.2879999999999686 0 0
293 0.2889999999999703 0 0
294 0.289999999999972 0 0
295 0.2909999999999737 0 0
296 0.2919999999999755 0 0
297 0.2929999999999773 0 0
298 0.2939999999999836 0 0
299 0.29499999999999 0 0
300 0.2959999999999931 0 0
301 0.2969999999999948 0 0
302 0.2979999999999965 0 0
303 0.2989999999999983 0 0
304 0.3009999999998952 0 0
305 0.3020000000000831 0 0
306 0.304000000000002 0 0
307 0.3050000000000041 0 0
308 0.3060000000000031 0 0
309 0.3070000000000004 0 0
310 0.3079999999999978 0 0
311 0.3089999999999952 0 0
312 0.3099999999999926 0 0
313 0.31099999999999 0 0
314 0.3119999999999874 0 0
315 0.3129999999999877 0 0
316 0.3139999999999897 0 0
317 0.3149999999999918 0 0
318 0.3159999999999938 0 0
319 0.3169999999999958 0 0
320 0.3179999999999935 0 0
321 0.3189999999999909 0 0
322 0.3199999999999883 0 0
323 0.3209999999999857 0 0
324 0.3219999999999831 0 0
325 0.3229999999999805 0 0
326 0.3239999999999779 0 0
327 0.3249999999999795 0 0
328 0.3259999999999815 0 0
329 0.3269999999999835 0 0
330 0.3279999999999855 0 0
331 0.3289999999999866 0 0
332 0.329999999999984 0 0
333 0.3309999999999814 0 0
334 0.3319999999999788 0 0
335 0.3329999999999762 0 0
336 0.3339999999999735 0 0
337 0.334999999999971 0 0
338 0.3359999999999683 0 0
339 0.3369999999999658 0 0
340 0.3379999999999632 0 0
341 0.3389999999999606 0 0
342 0.339999999999958 0 0
343 0.3409999999999553 0 0
344 0.3419999999999527 0 0
345 0.3429999999999501 0 0
346 0.3439999999999475 0 0
347 0.344999999999945 0 0
348 0.3459999999999424 0 0
349 0.3469999999999398 0 0
350 0.347999999999935 0 0
351 0.3489999999999278 0 0
352 0.3499999999999205 0 0
353 0.3509999999999133 0 0
354 0.3519999999999061 0 0
355 0.3529999999999025 0 0
356 0.3539999999998998 0 0
357 0.3549999999998972 0 0
358 0.3559999999998946 0 0
359 0.356999999999892 0 0
360 0.3579999999998894 0 0
361 0.3589999999998869 0 0
362 0.3599999999998808 0 0
363 0.3609999999998735 0 0
364 0.3619999999998663 0 0
365 0.3629999999998591 0 0
366 0.3639999999998521 0 0
367 0.3649999999998496 0 0
368 0.3659999999998469 0 0
369 0.3669999999998443 0 0
370 0.3679999999998417 0 0
371 0.3689999999998391 0 0
372 0.3699999999998365 0 0
373 0.3709999999998338 0 0
374 0.3719999999998266 0 0
375 0.3729999999998193 0 0
376 0.3739999999998121 0 0
377 0.3749999999998049 0 0
378 0.3759999999997992 0 0
379 0.3769999999997966 0 0
380 0.3779999999997941 0 0
381 0.3789999999997915 0 0
382 0.3799999999997888 0 0
383 0.3809999999997862 0 0
384 0.3819999999997836 0 0
385 0.3829999999997796 0 0
386 0.3839999999997724 0 0
387 0.3849999999997651 0 0
388 0.3859999999997579 0 0
389 0.3869999999997507 0 0
390 0.3879999999997463 0 0
391 0.3889999999997437 0 0
392 0.3899999999997411 0 0
393 0.3909999999997385 0 0
394 0.3919999999997359 0 0
395 0.3929999999997333 0 0
396 0.3939999999997307 0 0
397 0.3949999999997254 0 0
398 0.3959999999997181 0 0
399 0.3969999999997109 0 0
400 0.3979999999997037 0 0
401 0.3989999999996965 0 0
402 0.3999999999996934 0 0
403 0.4009999999996908 0 0
404 0.4019999999996882 0 0
405 0.4029999999996856 0 0
406 0.403999999999683 0 0
407 0.4049999999996804 0 0
408 0.4059999999996778 0 0
409 0.4069999999996712 0 0
410 0.407999999999664 0 0
411 0.4089999999996567 0 0
412 0.4099999999996495 0 0
413 0.4109999999996431 0 0
414 0.4119999999996405 0 0
415 0.4129999999996379 0 0
416 0.4139999999996392 0 0
417 0.4149999999996413 0 0
418 0.4159999999996433 0 0
419 0.4169999999996453 0 0
420 0.4179999999996459 0 0
421 0.4189999999996387 0 0
422 0.4199999999996314 0 0
423 0.4209999999996242 0 0
424 0.421999999999617 0 0
425 0.4229999999996119 0 0
426 0.4239999999996093 0 0
427 0.4249999999996073 0 0
428 0.4259999999996093 0 0
429 0.4269999999996114 0 0
430 0.4279999999996134 0 0
431 0.4289999999996154 0 0
432 0.4299999999996134 0 0
433 0.4309999999996061 0 0
434 0.4319999999995989 0 0
435 0.4329999999995917 0 0
436 0.4339999999995844 0 0
437 0.4349999999995807 0 0
438 0.4359999999995781 0 0
439 0.4369999999995774 0 0
440 0.4379999999995794 0 0
441 0.4389999999995814 0 0
442 0.4399999999995834 0 0
443 0.4409999999995855 0 0
444 0.4419999999995808 0 0
445 0.4429999999995736 0 0
446 0.4439999999995664 0 0
447 0.4449999999995592 0 0
448 0.4459999999995521 0 0
449 0.4469999999995495 0 0
450 0.4479999999995469 0 0
451 0.4489999999995474 0 0
452 0.4499999999995495 0 0
453 0.4509999999995531 0 0
454 0.4519999999995598 0 0
455 0.4529999999995664 0 0
456 0.4539999999995684 0 0
457 0.4549999999995704 0 0
458 0.4559999999995694 0 0
459 0.4569999999995669 0 0
460 0.4579999999995656 0 0
461 0.4589999999995677 0 0
462 0.4599999999995698 0 0
463 0.4609999999995762 0 0
464 0.4619999999995829 0 0
465 0.4629999999995895 0 0
466 0.4639999999995962 0 0
467 0.4649999999996015 0 0
468 0.4659999999996035 0 0
469 0.4669999999996056 0 0
470 0.4679999999996033 0 0
471 0.4689999999996007 0 0
472 0.4699999999996008 0 0
473 0.4709999999996029 0 0
474 0.471999999999606 0 0
475 0.4729999999996126 0 0
476 0.4739999999996193 0 0
477 0.4749999999996259 0 0
478 0.4759999999996326 0 0
479 0.4769999999996366 0 0
480 0.4779999999996387 0 0
481 0.4789999999996397 0 0
482 0.4799999999996371 0 0
483 0.4809999999996345 0 0
484 0.4819999999996359 0 0
485 0.4829999999996379 0 0
486 0.4839999999996424 0 0
487 0.4849999999996491 0 0
488 0.4859999999996557 0 0
489 0.4869999999996624 0 0
490 0.487999999999669 0 0
491 0.4889999999996718 0 0
492 0.4899999999996738 0 0
493 0.4909999999996735 0 0
494 0.4919999999996709 0 0
495 0.492999999999669 0 0
496 0.493999999999671 0 0
497 0.4949999999996731 0 0
498 0.4959999999996788 0 0
499 0.4969999999996855 0 0
500 0.4979999999996921 0 0
501 0.4989999999996988 0 0
502 0.4999999999997055 0 0
503 0.5009999999997121 0 0
504 0.5019999999997187 0 0
505 0.5029999999997253 0 0
506 0.503999999999732 0 0
507 0.5049999999997387 0 0
508 0.5059999999997453 0 0
509 0.506999999999752 0 0
510 0.5079999999997586 0 0
511 0.5089999999997652 0 0
512 0.5099999999997719 0 0
513 0.5109999999997785 0 0
514 0.5119999999997852 0 0
515 0.5129999999997918 0 0
516 0.5139999999997984 0 0
517 0.5149999999998052 0 0
518 0.5159999999998117 0 0
519 0.5169999999998184 0 0
520 0.517999999999825 0 0
521 0.5189999999998317 0 0
522 0.5199999999998384 0 0
523 0.5209999999998449 0 0
524 0.5219999999998517 0 0
525 0.5229999999998582 0 0
526 0.5239999999998649 0 0
527 0.5249999999998716 0 0
528 0.5259999999998782 0 0
529 0.5269999999998849 0 0
530 0.5279999999998915 0 0
531 0.5289999999998981 0 0
532 0.5299999999999048 0 0
533 0.5309999999999114 0 0
534 0.5319999999999181 0 0
535 0.5329999999999248 0 0
536 0.5339999999999313 0 0
537 0.534999999999938 0 0
538 0.5359999999999446 0 0
539 0.5369999999999513 0 0
540 0.5379999999999579 0 0
541 0.5389999999999646 0 0
542 0.5399999999999712 0 0
543 0.5409999999999778 0 0
544 0.5419999999999845 0 0
545 0.5429999999999912 0 0
546 0.5439999999999978 0 0
547 0.5450000000000044 0 0
548 0.5460000000000111 0 0
549 0.5470000000000177 0 0
550 0.5480000000000244 0 0
551 0.549000000000031 0 0
552 0.5500000000000377 0 0
553 0.5510000000000443 0 0
554 0.5520000000000458 0 0
555 0.5530000000000432 0 0
556 0.5540000000000406 0 0
557 0.5550000000000379 0 0
558 0.5560000000000354 0 0
559 0.5570000000000328 0 0
560 0.5580000000000303 0 0
561 0.5590000000000276 0 0
562 0.5600000000000249 0 0
563 0.5610000000000242 0 0
564 0.5620000000000307 0 0
565 0.5630000000000375 0 0
566 0.5640000000000363 0 0
567 0.5650000000000336 0 0
568 0.566000000000031 0 0
569 0.5670000000000285 0 0
570 0.5680000000000258 0 0
571 0.5690000000000233 0 0
572 0.5700000000000207 0 0
573 0.5710000000000181 0 0
574 0.5720000000000154 0 0
575 0.5730000000000173 0 0
576 0.5740000000000238 0 0
577 0.5750000000000293 0 0
578 0.5760000000000267 0 0
579 0.5770000000000242 0 0
580 0.5780000000000216 0 0
581 0.5790000000000189 0 0
582 0.5800000000000164 0 0
583 0.5810000000000137 0 0
584 0.5820000000000112 0 0
585 0.5830000000000086 0 0
586 0.584000000000006 0 0
587 0.5850000000000104 0 0
588 0.586000000000017 0 0
589 0.5870000000000198 0 0
590 0.5880000000000173 0 0
591 0.5890000000000146 0 0
592 0.5900000000000121 0 0
593 0.5910000000000095 0 0
594 0.592000000000007 0 0
595 0.5930000000000043 0 0
596 0.5940000000000016 0 0
597 0.5949999999999991 0 0
598 0.5959999999999968 0 0
599 0.5970000000000034 0 0
600 0.5980000000000101 0 0
601 0.5990000000000104 0 0
602 0.6000000000000079 0 0
603 0.6010000000000051 0 0
604 0.6020000000000025 0 0