1 0 0 0
2 0.3 0 0
3 0.303 0 0
4 0.603 0 0
5 0.0004992854642769874 0 0
6 0.0009979066602254717 0 0
7 0.00149586400089721 0 0
8 0.00199315803653968 0 0
9 0.00248979058551231 0 0
10 0.002985761058567113 0 0
11 0.003481071961586414 0 0
12 0.003975722692768527 0 0
13 0.004469715533046295 0 0
14 0.004963049942735435 0 0
15 0.0054557282857502 0 0
16 0.005947749849487751 0 0
17 0.006439116906843696 0 0
18 0.006929829491774649 0 0
19 0.007419888685304224 0 0
20 0.007909295900553913 0 0
21 0.008398050756336005 0 0
22 0.00888615521104635 0 0
23 0.00937361015443278 0 0
24 0.009860415455624277 0 0
25 0.01034657278267666 0 0
26 0.01083208308518104 0 0
27 0.01131694707201639 0 0
28 0.01180116494380492 0 0
29 0.01228473829788105 0 0
30 0.012767667953326 0 0
31 0.01324995473137398 0 0
32 0.01373159945542068 0 0
33 0.01421260258375687 0 0
34 0.01469296524230791 0 0
35 0.01517268839403093 0 0
36 0.0156517728712227 0 0
37 0.01613021950838527 0 0
38 0.01660802914223484 0 0
39 0.01708520261171048 0 0
40 0.01756174075798308 0 0
41 0.01803764442446425 0 0
42 0.01851291445681525 0 0
43 0.01898755170295625 0 0
44 0.01946155701307492 0 0
45 0.01993493123963569 0 0
46 0.02040767523738917 0 0
47 0.02087978986338115 0 0
48 0.02135127597696197 0 0
49 0.02182213402112663 0 0
50 0.02229236508996464 0 0
51 0.0227619701716396 0 0
52 0.02323095013463286 0 0
53 0.02369930584977654 0 0
54 0.02416703788923645 0 0
55 0.02463414679316 0 0
56 0.02510063400831219 0 0
57 0.02556650041484031 0 0
58 0.02603174628126241 0 0
59 0.02649637251678697 0 0
60 0.02696038053021312 0 0
61 0.02742377063921237 0 0
62 0.02788654347561093 0 0
63 0.02834870069717597 0 0
64 0.02881024208376359 0 0
65 0.02927116916239995 0 0
66 0.02973148274054895 0 0
67 0.03019118301027953 0 0
68 0.03065027186570981 0 0
69 0.03110874867827377 0 0
70 0.03156661591312388 0 0
71 0.0320238726381183 0 0
72 0.03248052137107685 0 0
73 0.03293656139609979 0 0
74 0.03339199476253826 0 0
75 0.03384682149333338 0 0
76 0.03430104264544035 0 0
77 0.03475465950604315 0 0
78 0.03520767161295998 0 0
79 0.03566008108925745 0 0
80 0.03611188829380343 0 0
81 0.0365630934466439 0 0
82 0.0370136982443588 0 0
83 0.03746370339365691 0 0
84 0.03791310862753198 0 0
85 0.03836191580006913 0 0
86 0.03881012565916505 0 0
87 0.03925773895467154 0 0
88 0.03970475562031631 0 0
89 0.04015117728285467 0 0
90 0.04059700470623696 0 0
91 0.04104223864837873 0 0
92 0.04148687986919019 0 0
93 0.04193092913058405 0 0
94 0.0423743868844114 0 0
95 0.04281725423871879 0 0
96 0.0432595319795076 0 0
97 0.04370122087690768 0 0
98 0.04414232170309197 0 0
99 0.04458283523228458 0 0
100 0.04502276224076903 0 0
101 0.04546210350689647 0 0
102 0.04590085981109397 0 0
103 0.04633903193587276 0 0
104 0.04677662066583664 0 0
105 0.04721362678769042 0 0
106 0.04765005109024832 0 0
107 0.04808589436444245 0 0
108 0.0485211573028342 0 0
109 0.04895584063360805 0 0
110 0.04938994528834243 0 0
111 0.04982347206643716 0 0
112 0.05025642142947129 0 0
113 0.05068879446093165 0 0
114 0.05112059185453633 0 0
115 0.05155181422973618 0 0
116 0.05198246262338899 0 0
117 0.05241253744915804 0 0
118 0.05284203982816976 0 0
119 0.05327097022792542 0 0
120 0.05369932959356703 0 0
121 0.05412711870744761 0 0
122 0.05455433807707852 0 0
123 0.05498098874260861 0 0
124 0.05540707143241356 0 0
125 0.05583258666283943 0 0
126 0.05625753537507523 0 0
127 0.05668191834022467 0 0
128 0.05710573629447215 0 0
129 0.05752898997595257 0 0
130 0.05795168012475921 0 0
131 0.05837380748295139 0 0
132 0.0587953727825888 0 0
133 0.05921637680165247 0 0
134 0.05963682026409171 0 0
135 0.06005670392001752 0 0
136 0.06047602852539354 0 0
137 0.06089479483424197 0 0
138 0.06131300360260709 0 0
139 0.06173065558856319 0 0
140 0.06214775155222275 0 0
141 0.06256429208892186 0 0
142 0.06298027799368221 0 0
143 0.0633957101354363 0 0
144 0.06381058918437649 0 0
145 0.06422491570524459 0 0
146 0.06463869074050027 0 0
147 0.06505191474212223 0 0
148 0.06546458863013829 0 0
149 0.0658767130537368 0 0
150 0.06628828877481721 0 0
151 0.06669931647871639 0 0
152 0.06710979702908519 0 0
153 0.06751973088689797 0 0
154 0.06792911909935669 0 0
155 0.06833796217957817 0 0
156 0.06874626085303398 0 0
157 0.06915401599524475 0 0
158 0.06956122830409427 0 0
159 0.06996789828128984 0 0
160 0.07037402682602749 0 0
161 0.07077961467414749 0 0
162 0.07118466253102557 0 0
163 0.07158917110390796 0 0
164 0.07199314110191886 0 0
165 0.07239657323606787 0 0
166 0.07279946821925765 0 0
167 0.07320182676629138 0 0
168 0.07360364959388042 0 0
169 0.07400493742065199 0 0
170 0.0744056909671567 0 0
171 0.07480591095587659 0 0
172 0.07520559811123255 0 0
173 0.07560475315959234 0 0
174 0.07600337660248178 0 0
175 0.0764014693328524 0 0
176 0.07679903211376282 0 0
177 0.07719606560557558 0 0
178 0.0775925703023297 0 0
179 0.07798854722442787 0 0
180 0.07838399689867241 0 0
181 0.0787789200044015 0 0
182 0.07917331743570237 0 0
183 0.07956718956722822 0 0
184 0.07996053747578255 0 0
185 0.08035336149043031 0 0
186 0.08074566261096312 0 0
187 0.08113744138133859 0 0
188 0.08152869846321968 0 0
189 0.08191943475538425 0 0
190 0.08230965068469426 0 0
191 0.08269934705766595 0 0
192 0.08308852466080473 0 0
193 0.08347718416041867 0 0
194 0.08386532603454566 0 0
195 0.08425295113735987 0 0
196 0.08464006017817256 0 0
197 0.0850266538304494 0 0
198 0.08541273276944192 0 0
199 0.08579829767219503 0 0
200 0.08618334921755394 0 0
201 0.08656788808617148 0 0
202 0.0869519149605152 0 0
203 0.08733543052487479 0 0
204 0.08771843546536919 0 0
205 0.08810093046995414 0 0
206 0.08848291622842944 0 0
207 0.08886439343244637 0 0
208 0.08924536275996346 0 0
209 0.08962582467696935 0 0
210 0.09000578009240977 0 0
211 0.09038522970532738 0 0
212 0.09076417413891867 0 0
213 0.09114261385906795 0 0
214 0.09152054985158444 0 0
215 0.09189798265149107 0 0
216 0.09227491281843772 0 0
217 0.09265134134762901 0 0
218 0.09302726839655821 0 0
219 0.09340269520178264 0 0
220 0.09377762189340243 0 0
221 0.09415204965138981 0 0
222 0.09452597864476375 0 0
223 0.0948994099299625 0 0
224 0.09527234401500011 0 0
225 0.09564478145460477 0 0
226 0.09601672314886936 0 0
227 0.09638816963259929 0 0
228 0.09675912141620767 0 0
229 0.09712957938165297 0 0
230 0.09749954416416913 0 0
231 0.09786901640066657 0 0
232 0.09823799660319708 0 0
233 0.09860648551404645 0 0
234 0.09897448383187839 0 0
235 0.0993419922004619 0 0
236 0.0997090112652764 0 0
237 0.1000755416735187 0 0
238 0.1004415840741098 0 0
239 0.1008071391177018 0 0
240 0.1011722074566849 0 0
241 0.101536789745194 0 0
242 0.1019008866391163 0 0
243 0.1022644987960981 0 0
244 0.1026276266746469 0 0
245 0.1029902710974069 0 0
246 0.1033524327335996 0 0
247 0.1037141122478892 0 0
248 0.1040753101824984 0 0
249 0.104436027082182 0 0
250 0.1047962638312045 0 0
251 0.1051560210029927 0 0
252 0.1055152989966995 0 0
253 0.1058740988267921 0 0
254 0.1062324208044774 0 0
255 0.1065902657695495 0 0
256 0.106947634282372 0 0
257 0.1073045269711781 0 0
258 0.1076609444850063 0 0
259 0.1080168875001217 0 0
260 0.1083723564940064 0 0
261 0.1087273524055268 0 0
262 0.1090818754182188 0 0
263 0.1094359265211975 0 0
264 0.1097895063571517 0 0
265 0.1101426152006662 0 0
266 0.1104952539692242 0 0
267 0.110847423300675 0 0
268 0.1111991237976741 0 0
269 0.1115503558904032 0 0
270 0.1119011203332699 0 0
271 0.1122514177912279 0 0
272 0.1126012488734133 0 0
273 0.1129506141905773 0 0
274 0.113299514355093 0 0
275 0.1136479499809614 0 0
276 0.1139959216838183 0 0
277 0.1143434300809405 0 0
278 0.1146904757912527 0 0
279 0.1150370594353341 0 0
280 0.1153831816354245 0 0
281 0.1157288430154316 0 0
282 0.1160740442009377 0 0
283 0.1164187858192058 0 0
284 0.1167630682659716 0 0
285 0.1171068923485794 0 0
286 0.11745025872257 0 0
287 0.117793168021909 0 0
288 0.1181356205951591 0 0
289 0.1184776172321601 0 0
290 0.118819158673044 0 0
291 0.1191602452154958 0 0
292 0.1195008776668823 0 0
293 0.1198410567100927 0 0
294 0.1201807826148646 0 0
295 0.12052005647663 0 0
296 0.1208588782933266 0 0
297 0.1211972493117816 0 0
298 0.1215351695040694 0 0
299 0.121872640021836 0 0
300 0.1222096610745641 0 0
301 0.1225462334494853 0 0
302 0.1228823578581582 0 0
303 0.1232180344607403 0 0
304 0.1235532642750783 0 0
305 0.1238880478666963 0 0
306 0.1242223855371478 0 0
307 0.1245562780709107 0 0
308 0.1248897261191665 0 0
309 0.1252227302534961 0 0
310 0.1255552910469887 0 0
311 0.1258874088978996 0 0
312 0.126219084581293 0 0
313 0.1265503186843643 0 0
314 0.1268811117863817 0 0
315 0.1272114644681524 0 0
316 0.1275413773120291 0 0
317 0.1278708509019152 0 0
318 0.1281998858232718 0 0
319 0.1285284826631239 0 0
320 0.1288566420100664 0 0
321 0.1291843644542703 0 0
322 0.1295116505874895 0 0
323 0.1298385008845406 0 0
324 0.1301649159398253 0 0
325 0.1304908964357631 0 0
326 0.1308164429704131 0 0
327 0.1311415561434486 0 0
328 0.1314662362937478 0 0
329 0.1317904841465273 0 0
330 0.1321143004128359 0 0
331 0.1324376855100618 0 0
332 0.1327606399215734 0 0
333 0.1330831645359807 0 0
334 0.1334052595561363 0 0
335 0.133726925809028 0 0
336 0.1340481638140188 0 0
337 0.1343689740276955 0 0
338 0.1346893572166387 0 0
339 0.1350093137257792 0 0
340 0.1353288443095294 0 0
341 0.1356479494612896 0 0
342 0.1359666296625326 0 0
343 0.1362848857771744 0 0
344 0.1366027178699944 0 0
345 0.1369201269264567 0 0
346 0.1372371135174399 0 0
347 0.1375536778017555 0 0
348 0.1378698206855298 0 0
349 0.1381855427379659 0 0
350 0.1385008444961523 0 0
351 0.1388157262295391 0 0
352 0.1391301887686798 0 0
353 0.1394442326652298 0 0
354 0.1397578584620506 0 0
355 0.1400710667034403 0 0
356 0.1403838579351398 0 0
357 0.1406962327043376 0 0
358 0.1410081915596762 0 0
359 0.1413197350512579 0 0
360 0.1416308637306505 0 0
361 0.141941578150893 0 0
362 0.1422518788665018 0 0
363 0.1425617664334763 0 0
364 0.1428712414093054 0 0
365 0.1431803043529728 0 0
366 0.1434889558249636 0 0
367 0.14379719638727 0 0
368 0.1441050266033974 0 0
369 0.1444124468131444 0 0
370 0.1447194576938139 0 0
371 0.1450260598945031 0 0
372 0.1453322539847417 0 0
373 0.1456380402123181 0 0
374 0.1459434193243304 0 0
375 0.1462483920099511 0 0
376 0.1465529584714316 0 0
377 0.146857119460965 0 0
378 0.1471608756421549 0 0
379 0.1474642271162526 0 0
380 0.1477671749894166 0 0
381 0.1480697192258755 0 0
382 0.1483718609097341 0 0
383 0.1486736000625286 0 0
384 0.1489749377670593 0 0
385 0.1492758739217212 0 0
386 0.1495764096699072 0 0
387 0.1498765451219604 0 0
388 0.1501762809893534 0 0
389 0.1504756179677318 0 0
390 0.1507745561050011 0 0
391 0.1510730963448547 0 0
392 0.1513712392253134 0 0
393 0.1516689850250574 0 0
394 0.1519663343344914 0 0
395 0.1522632878264579 0 0
396 0.1525598460071338 0 0
397 0.1528560093840292 0 0
398 0.1531517782708536 0 0
399 0.1534471533689399 0 0
400 0.1537421352258451 0 0
401 0.1540367243545505 0 0
402 0.1543309212693974 0 0
403 0.1546247264860932 0 0
404 0.1549181405217164 0 0
405 0.1552111638947218 0 0
406 0.1555037971249469 0 0
407 0.1557960407336163 0 0
408 0.1560878952433483 0 0
409 0.1563793611781597 0 0
410 0.156670439063472 0 0
411 0.1569611294261168 0 0
412 0.1572514327943414 0 0
413 0.1575413494792456 0 0
414 0.1578308801588929 0 0
415 0.1581200254040889 0 0
416 0.1584087857487114 0 0
417 0.1586971616986193 0 0
418 0.1589851534276009 0 0
419 0.1592727618326501 0 0
420 0.1595599874533658 0 0
421 0.1598468304696598 0 0
422 0.1601332915913171 0 0
423 0.1604193715222226 0 0
424 0.1607050702438826 0 0
425 0.1609903887756775 0 0
426 0.1612753273830473 0 0
427 0.1615598865740322 0 0
428 0.1618440670018934 0 0
429 0.1621278689213241 0 0
430 0.1624112931147698 0 0
431 0.1626943398429448 0 0
432 0.1629770097574621 0 0
433 0.163259303385811 0 0
434 0.1635412209873646 0 0
435 0.1638227634711919 0 0
436 0.1641039308836545 0 0
437 0.1643847239912453 0 0
438 0.1646651434077821 0 0
439 0.1649451892711787 0 0
440 0.1652248622717422 0 0
441 0.1655041630193806 0 0
442 0.1657830919855492 0 0
443 0.1660616493537563 0 0
444 0.1663398358663037 0 0
445 0.1666176520509169 0 0
446 0.1668950983841156 0 0
447 0.1671721753436772 0 0
448 0.1674488834086417 0 0
449 0.1677252230051073 0 0
450 0.168001194606819 0 0
451 0.1682767987909173 0 0
452 0.1685520360416298 0 0
453 0.1688269068444723 0 0
454 0.1691014116862544 0 0
455 0.1693755510550845 0 0
456 0.1696493254403748 0 0
457 0.1699227353328469 0 0
458 0.1701957811573029 0 0
459 0.1704684633645822 0 0
460 0.1707407825260962 0 0
461 0.1710127391377672 0 0
462 0.1712843336968534 0 0
463 0.1715555667019535 0 0
464 0.1718264386530128 0 0
465 0.1720969497011608 0 0
466 0.1723671006416226 0 0
467 0.1726368920023677 0 0
468 0.1729063242732999 0 0
469 0.1731753974851557 0 0
470 0.1734441126033896 0 0
471 0.1737124701373403 0 0
472 0.1739804700196626 0 0
473 0.174248113277993 0 0
474 0.1745154002329405 0 0
475 0.1747823311347515 0 0
476 0.1750489069510103 0 0
477 0.175315127432808 0 0
478 0.1755809938237654 0 0
479 0.1758465059171668 0 0
480 0.1761116648277203 0 0
481 0.176376470352803 0 0
482 0.1766409236531314 0 0
483 0.1769050245248224 0 0
484 0.1771687739735164 0 0
485 0.1774321722386239 0 0
486 0.1776952196800836 0 0
487 0.1779579171074552 0 0
488 0.1782202646086225 0 0
489 0.1784822627818704 0 0
490 0.1787439122754358 0 0
491 0.179005213403963 0 0
492 0.1792661664186204 0 0
493 0.1795267720987366 0 0
494 0.1797870308846033 0 0
495 0.180046943217668 0 0
496 0.1803065093003115 0 0
497 0.1805657297858973 0 0
498 0.1808246051818346 0 0
499 0.1810831359343263 0 0
500 0.1813413224907551 0 0
501 0.181599165299688 0 0
502 0.181856664810881 0 0
503 0.1821138214752844 0 0
504 0.1823706357450465 0 0
505 0.1826271080735194 0 0
506 0.1828832389152633 0 0
507 0.1831390287260512 0 0
508 0.1833944779628743 0 0
509 0.1836495870839464 0 0
510 0.1839043565487092 0 0
511 0.1841587868178366 0 0
512 0.1844128783532406 0 0
513 0.1846666316180755 0 0
514 0.1849200470767432 0 0
515 0.1851731250564378 0 0
516 0.1854258659524442 0 0
517 0.1856782704095427 0 0
518 0.1859303388970858 0 0
519 0.1861820718856985 0 0
520 0.1864334694084947 0 0
521 0.186684532301785 0 0
522 0.1869352610817754 0 0
523 0.1871856559253575 0 0
524 0.1874357172929799 0 0
525 0.1876854459440248 0 0
526 0.1879348419066358 0 0
527 0.1881839058497874 0 0
528 0.1884326383665879 0 0
529 0.1886810393947198 0 0
530 0.1889291100476038 0 0
531 0.1891768500504389 0 0
532 0.1894242605290454 0 0
533 0.1896713413070337 0 0
534 0.1899180934283598 0 0
535 0.1901645166732139 0 0
536 0.1904106121881121 0 0
537 0.1906563796764586 0 0
538 0.1909018201811308 0 0
539 0.1911469338631678 0 0
540 0.191391721071933 0 0
541 0.1916361825990051 0 0
542 0.1918803184352304 0 0
543 0.1921241292231309 0 0
544 0.1923676155652827 0 0
545 0.1926107776511481 0 0
546 0.1928536158313843 0 0
547 0.1930961308117558 0 0
548 0.1933383229993354 0 0
549 0.1935801926921305 0 0
550 0.1938217401646907 0 0
551 0.1940629661036989 0 0
552 0.1943038709206031 0 0
553 0.1945444550279354 0 0
554 0.1947847188393162 0 0
555 0.1950246627694584 0 0
556 0.195264287171486 0 0
557 0.1955035924582266 0 0
558 0.1957425791466679 0 0
559 0.1959812476560228 0 0
560 0.1962195984066187 0 0
561 0.1964576318199024 0 0
562 0.1966953483184447 0 0
563 0.1969327483259445 0 0
564 0.1971698322672336 0 0
565 0.1974066005682811 0 0
566 0.1976430535540546 0 0
567 0.1978791916606519 0 0
568 0.1981150153787129 0 0
569 0.1983505251387132 0 0
570 0.1985857213722885 0 0
571 0.1988206045122392 0 0
572 0.1990551749925355 0 0
573 0.1992894329816408 0 0
574 0.1995233790219921 0 0
575 0.1997570136779677 0 0
576 0.1999903373881719 0 0
577 0.2002233503326208 0 0
578 0.2004560529119038 0 0
579 0.2006884458343492 0 0
580 0.2009205294274216 0 0
581 0.2011523037075585 0 0
582 0.201383769630109 0 0
583 0.2016149273774887 0 0
584 0.2018457771663039 0 0
585 0.2020763199072254 0 0
586 0.2023065553427711 0 0
587 0.2025364844787321 0 0
588 0.2027661073673429 0 0
589 0.2029954245731463 0 0
590 0.2032244364649031 0 0
591 0.203453143424272 0 0
592 0.2036815458775226 0 0
593 0.2039096442831722 0 0
594 0.2041374388645979 0 0
595 0.2043649304183076 0 0
596 0.20459211870299 0 0
597 0.2048190048173784 0 0
598 0.2050455886871649 0 0
599 0.205271870851492 0 0
600 0.2054978519764227 0 0
601 0.2057235319398111 0 0
602 0.2059489114801337 0 0
603 0.2061739911210216 0 0
604 0.2063987709858146 0 0
605 0.2066232514265452 0 0
606 0.2068474331169766 0 0
607 0.20707131643179 0 0
608 0.2072949016155727 0 0
609 0.2075181889176464 0 0
610 0.207741179005558 0 0
611 0.2079638722580165 0 0
612 0.2081862690547274 0 0
613 0.2084083697763963 0 0
614 0.2086301748047331 0 0
615 0.2088516843916393 0 0
616 0.2090728990594779 0 0
617 0.2092938192092601 0 0
618 0.2095144452268169 0 0
619 0.2097347774990034 0 0
620 0.2099548164137038 0 0
621 0.2101745623598345 0 0
622 0.2103940157273494 0 0
623 0.210613176907243 0 0
624 0.2108320462915553 0 0
625 0.2110506242733759 0 0
626 0.2112689112468476 0 0
627 0.2114869076071713 0 0
628 0.211704613642443 0 0
629 0.211922029836476 0 0
630 0.2121391565927327 0 0
631 0.212355994278384 0 0
632 0.212572543179306 0 0
633 0.2127888038272305 0 0
634 0.2130047765222039 0 0
635 0.2132204616442835 0 0
636 0.2134358596493002 0 0
637 0.2136509707978957 0 0
638 0.2138657956045972 0 0
639 0.2140803343403547 0 0
640 0.2142945874483541 0 0
641 0.2145085553402719 0 0
642 0.2147222382572183 0 0
643 0.2149356367272662 0 0
644 0.2151487511143536 0 0
645 0.2153615816638239 0 0
646 0.2155741288670155 0 0
647 0.2157863931007997 0 0
648 0.215998374733015 0 0
649 0.2162100741324741 0 0
650 0.2164214916689678 0 0
651 0.2166326276816109 0 0
652 0.2168434825890177 0 0
653 0.2170540567649685 0 0
654 0.2172643505832491 0 0
655 0.2174743644185959 0 0
656 0.2176840985981736 0 0
657 0.2178935535310396 0 0
658 0.2181027295949516 0 0
659 0.2183116271686819 0 0
660 0.2185202466320202 0 0
661 0.2187285883628889 0 0
662 0.2189366526018313 0 0
663 0.2191444398592334 0 0
664 0.2193519505189538 0 0
665 0.2195591848137698 0 0
666 0.2197661432205743 0 0
667 0.2199728261158261 0 0
668 0.2201792337509218 0 0
669 0.2203853666671811 0 0
670 0.2205912250196637 0 0
671 0.2207968093850781 0 0
672 0.2210021199519943 0 0
673 0.2212071572023474 0 0
674 0.2214119214887597 0 0
675 0.221616413067533 0 0
676 0.2218206324379012 0 0
677 0.2220245799450179 0 0
678 0.222228255807386 0 0
679 0.2224316605233407 0 0
680 0.2226347944434578 0 0
681 0.2228376579192404 0 0
682 0.2230402513031218 0 0
683 0.2232425749250964 0 0
684 0.2234446291476313 0 0
685 0.2236464143573556 0 0
686 0.2238479309105054 0 0
687 0.2240491791642658 0 0
688 0.2242501594767755 0 0
689 0.22445087220713 0 0
690 0.2246513176677715 0 0
691 0.2248514962394341 0 0
692 0.2250514082955336 0 0
693 0.2252510541989881 0 0
694 0.2254504343136919 0 0
695 0.2256495489753755 0 0
696 0.2258483984506078 0 0
697 0.226046983217973 0 0
698 0.226245303645265 0 0
699 0.2264433599057113 0 0
700 0.2266411525363579 0 0
701 0.2268386818250036 0 0
702 0.2270359480753591 0 0
703 0.2272329517477714 0 0
704 0.2274296930417319 0 0
705 0.2276261724607052 0 0
706 0.2278223902297692 0 0
707 0.2280183467653838 0 0
708 0.2282140424487126 0 0
709 0.2284094774783932 0 0
710 0.228604652364944 0 0
711 0.2287995674314477 0 0
712 0.2289942228759124 0 0
713 0.2291886191892127 0 0
714 0.2293827567051719 0 0
715 0.2295766357584948 0 0
716 0.2297702566621263 0 0
717 0.2299636197282197 0 0
718 0.2301567253572027 0 0
719 0.2303495738873838 0 0
720 0.2305421656579711 0 0
721 0.2307345010090755 0 0
722 0.2309265802817143 0 0
723 0.2311184038178151 0 0
724 0.2313099719602194 0 0
725 0.2315012850526859 0 0
726 0.2316923434295806 0 0
727 0.2318831473639318 0 0
728 0.2320736972686411 0 0
729 0.2322639934911297 0 0
730 0.232454036379755 0 0
731 0.2326438262306232 0 0
732 0.2328333633248879 0 0
733 0.23302264811927 0 0
734 0.2332116809271645 0 0
735 0.2334004619539809 0 0
736 0.2335889917231853 0 0
737 0.2337772704187635 0 0
738 0.2339652984634794 0 0
739 0.2341530761584193 0 0
740 0.2343406038387536 0 0
741 0.2345278818318472 0 0
742 0.2347149105151707 0 0
743 0.2349016901121559 0 0
744 0.2350882211149114 0 0
745 0.2352745036867781 0 0
746 0.2354605382490831 0 0
747 0.235646325174951 0 0
748 0.2358318647027022 0 0
749 0.2360171571594631 0 0
750 0.2362022029452767 0 0
751 0.2363870023783884 0 0
752 0.2365715557778843 0 0
753 0.2367558634310884 0 0
754 0.2369399256605 0 0
755 0.2371237428347361 0 0
756 0.2373073152763225 0 0
757 0.2374906433086425 0 0
758 0.2376737272559407 0 0
759 0.2378565674433266 0 0
760 0.2380391641967775 0 0
761 0.2382215178431426 0 0
762 0.2384036287101461 0 0
763 0.238585497064063 0 0
764 0.2387671232595402 0 0
765 0.2389485076475748 0 0
766 0.2391296505593826 0 0
767 0.2393105523270719 0 0
768 0.2394912131765854 0 0
769 0.239671633474149 0 0
770 0.2398518136125497 0 0
771 0.2400317538457117 0 0
772 0.2402114544423268 0 0
773 0.240390915872629 0 0
774 0.2405701382719114 0 0
775 0.2407491221042545 0 0
776 0.2409278676135111 0 0
777 0.2411063751413904 0 0
778 0.2412846449927141 0 0
779 0.2414626775165281 0 0
780 0.2416404729485964 0 0
781 0.2418180317615735 0 0
782 0.2419953540338302 0 0
783 0.242172440281979 0 0
784 0.2423492908147934 0 0
785 0.2425259057533988 0 0
786 0.2427022855939575 0 0
787 0.2428784306367976 0 0
788 0.243054341173188 0 0
789 0.2432300174048027 0 0
790 0.2434054597603949 0 0
791 0.2435806685435172 0 0
792 0.2437556440585255 0 0
793 0.2439303866105828 0 0
794 0.2441048965056615 0 0
795 0.244279174050548 0 0
796 0.2444532195528445 0 0
797 0.2446270333209734 0 0
798 0.2448006156641797 0 0
799 0.244973966892535 0 0
800 0.2451470873169405 0 0
801 0.2453199772491301 0 0
802 0.2454926370016745 0 0
803 0.2456650668879836 0 0
804 0.2458372672127325 0 0
805 0.2460092381696879 0 0
806 0.2461809801890602 0 0
807 0.2463524935876071 0 0
808 0.2465237786637613 0 0
809 0.2466948355678854 0 0
810 0.2468656647897826 0 0
811 0.2470362666155184 0 0
812 0.2472066411781029 0 0
813 0.24737678900459 0 0
814 0.2475467102217409 0 0
815 0.2477164052387797 0 0
816 0.2478858743071515 0 0
817 0.2480551177451552 0 0
818 0.2482241358335088 0 0
819 0.2483929289294614 0 0
820 0.2485614972128078 0 0
821 0.2487298411648154 0 0
822 0.2488979608699678 0 0
823 0.2490658567752647 0 0
824 0.2492335292080258 0 0
825 0.249400978292293 0 0
826 0.2495682044507289 0 0
827 0.2497352080023274 0 0
828 0.2499019892319195 0 0
829 0.2500685483217816 0 0
830 0.2502348856515389 0 0
831 0.2504010015342691 0 0
832 0.2505668962578651 0 0
833 0.2507325701109821 0 0
834 0.2508980233830412 0 0
835 0.251063256364232 0 0
836 0.2512282693455157 0 0
837 0.2513930626186285 0 0
838 0.2515576364760842 0 0
839 0.2517219912111778 0 0
840 0.2518861271179884 0 0
841 0.2520500444913822 0 0
842 0.252213743627016 0 0
843 0.2523772248213403 0 0
844 0.2525404883716024 0 0
845 0.2527035345516796 0 0
846 0.2528663635613651 0 0
847 0.2530289758068742 0 0
848 0.2531913715886288 0 0
849 0.2533535511829789 0 0
850 0.2535155147283359 0 0
851 0.2536772626992467 0 0
852 0.253838795375485 0 0
853 0.2540001128461245 0 0
854 0.2541612156387584 0 0
855 0.2543221038897736 0 0
856 0.2544827779322147 0 0
857 0.2546432380833729 0 0
858 0.2548034845390645 0 0
859 0.2549635176920987 0 0
860 0.2551233377306917 0 0
861 0.2552829449932207 0 0
862 0.255442339790623 0 0
863 0.2556015222761993 0 0
864 0.2557604929205092 0 0
865 0.2559192518427832 0 0
866 0.2560777993756195 0 0
867 0.2562361358793706 0 0
868 0.256394261556981 0 0
869 0.2565521766280993 0 0
870 0.2567098814888422 0 0
871 0.2568673764082946 0 0
872 0.2570246616562498 0 0
873 0.257181737429289 0 0
874 0.2573386040509099 0 0
875 0.2574952618307155 0 0
876 0.2576517110414062 0 0
877 0.2578079519564056 0 0
878 0.2579639848498637 0 0
879 0.2581198099966596 0 0
880 0.2582754276724045 0 0
881 0.2584308381534446 0 0
882 0.258586041716864 0 0
883 0.2587410386404878 0 0
884 0.2588958292028847 0 0
885 0.2590504136833706 0 0
886 0.2592047923620112 0 0
887 0.2593589654582106 0 0
888 0.2595129332437539 0 0
889 0.2596666960555493 0 0
890 0.2598202541766474 0 0
891 0.2599736078908637 0 0
892 0.260126757321247 0 0
893 0.2602797028609987 0 0
894 0.2604324448330836 0 0
895 0.2605849833991815 0 0
896 0.2607373188323753 0 0
897 0.2608894515438416 0 0
898 0.2610413815873625 0 0
899 0.2611931094086426 0 0
900 0.2613446352159215 0 0
901 0.2614959592424308 0 0
902 0.2616470818471874 0 0
903 0.2617980031801771 0 0
904 0.2619487236216456 0 0
905 0.2620992433682486 0 0
906 0.2622495626912214 0 0
907 0.2623996819645003 0 0
908 0.2625496012193724 0 0
909 0.2626993209675727 0 0
910 0.2628488413811821 0 0
911 0.2629981626313934 0 0
912 0.2631472851392441 0 0
913 0.2632962091556329 0 0
914 0.263444934772766 0 0
915 0.2635934623934401 0 0
916 0.2637417922951343 0 0
917 0.2638899247314369 0 0
918 0.2640378599566046 0 0
919 0.2641855981406456 0 0
920 0.2643331396214347 0 0
921 0.2644804846739376 0 0
922 0.2646276335551547 0 0
923 0.2647745865227687 0 0
924 0.2649213438351472 0 0
925 0.2650679057513452 0 0
926 0.2652142725311084 0 0
927 0.2653604444348755 0 0
928 0.2655064217237811 0 0
929 0.2656522046596587 0 0
930 0.2657977935050431 0 0
931 0.2659431885231735 0 0
932 0.2660883899378794 0 0
933 0.2662333979697311 0 0
934 0.2663782129516944 0 0
935 0.2665228351498098 0 0
936 0.2666672648308362 0 0
937 0.2668115022088093 0 0
938 0.2669555474520706 0 0
939 0.2670994009660301 0 0
940 0.2672430630203042 0 0
941 0.2673865336825685 0 0
942 0.2675298133559728 0 0
943 0.2676729023659408 0 0
944 0.2678158006934555 0 0
945 0.2679585088714713 0 0
946 0.2681010270173897 0 0
947 0.2682433553919 0 0
948 0.2683854943229507 0 0
949 0.2685274439278743 0 0
950 0.2686692046159361 0 0
951 0.2688107764907073 0 0
952 0.268952159912851 0 0
953 0.2690933551024638 0 0
954 0.2692343622409933 0 0
955 0.269375181758899 0 0
956 0.2695158136385416 0 0
957 0.26965625834018 0 0
958 0.2697965161340358 0 0
959 0.2699365870354996 0 0
960 0.2700764714921909 0 0
961 0.2702161697596633 0 0
962 0.2703556820334582 0 0
963 0.2704950084547663 0 0
964 0.2706341494112105 0 0
965 0.2707731051402577 0 0
966 0.2709118758800002 0 0
967 0.2710504618691589 0 0
968 0.2711888633022106 0 0
969 0.2713270804304063 0 0
970 0.2714651135440389 0 0
971 0.2716029628844096 0 0
972 0.2717406286934608 0 0
973 0.2718781112137784 0 0
974 0.2720154106885945 0 0
975 0.2721525273617899 0 0
976 0.2722894614778964 0 0
977 0.2724262132821002 0 0
978 0.2725627830202437 0 0
979 0.2726991709388287 0 0
980 0.2728353772019942 0 0
981 0.2729714021064792 0 0
982 0.2731072459183053 0 0
983 0.2732429088865928 0 0
984 0.2733783912611345 0 0
985 0.2735136932833178 0 0
986 0.273648815023046 0 0
987 0.273783756905659 0 0
988 0.2739185191836211 0 0
989 0.2740531020327193 0 0
990 0.2741875055957332 0 0
991 0.2743217302986261 0 0
992 0.2744557763045386 0 0
993 0.2745896437376668 0 0
994 0.2747233330611774 0 0
995 0.2748568442786237 0 0
996 0.2749901777891722 0 0
997 0.2751233337827326 0 0
998 0.275256312446905 0 0
999 0.2753891141211246 0 0
1000 0.2755217389106562 0 0
1001 0.2756541871749053 0 0
1002 0.275786459066722 0 0
1003 0.2759185548352345 0 0
1004 0.276050474811494 0 0
1005 0.2761822190034071 0 0
1006 0.2763137879105604 0 0
1007 0.2764451815909349 0 0
1008 0.2765764002934566 0 0
1009 0.2767074443761934 0 0
1010 0.2768383139490011 0 0
1011 0.2769690092100713 0 0
1012 0.2770995305216724 0 0
1013 0.27722987810321 0 0
1014 0.2773600520768371 0 0
1015 0.2774900526871188 0 0
1016 0.2776198802448325 0 0
1017 0.2777495349717402 0 0
1018 0.2778790170901884 0 0
1019 0.2780083268231103 0 0
1020 0.2781374643697044 0 0
1021 0.2782664299277656 0 0
1022 0.2783952237887186 0 0
1023 0.2785238461779103 0 0
1024 0.2786522973212863 0 0
1025 0.2787805774453936 0 0
1026 0.2789086867773825 0 0
1027 0.2790366255450094 0 0
1028 0.2791643939766391 0 0
1029 0.2792919923012475 0 0
1030 0.2794194207484234 0 0
1031 0.2795466795062067 0 0
1032 0.2796737687855355 0 0
1033 0.2798006888633513 0 0
1034 0.2799274399716766 0 0
1035 0.2800540223431595 0 0
1036 0.2801804362110762 0 0
1037 0.2803066817779075 0 0
1038 0.2804327591380441 0 0
1039 0.2805586686814183 0 0
1040 0.2806844106437989 0 0
1041 0.2808099852070036 0 0
1042 0.2809353924479274 0 0
1043 0.2810606328020192 0 0
1044 0.2811857064874196 0 0
1045 0.2813106134641444 0 0
1046 0.2814353542537613 0 0
1047 0.281559928964185 0 0
1048 0.2816843377313162 0 0
1049 0.2818085810166928 0 0
1050 0.2819326586702757 0 0
1051 0.2820565712989702 0 0
1052 0.2821803188098604 0 0
1053 0.2823039016873334 0 0
1054 0.2824273198985546 0 0
1055 0.2825505739350988 0 0
1056 0.2826736636941801 0 0
1057 0.2827965897402751 0 0
1058 0.2829193519639716 0 0
1059 0.2830419508218837 0 0
1060 0.283164386484652 0 0
1061 0.2832866590132473 0 0
1062 0.2834087688550265 0 0
1063 0.2835307161052874 0 0
1064 0.283652500898671 0 0
1065 0.2837741236244476 0 0
1066 0.2838955844849303 0 0
1067 0.2840168834826187 0 0
1068 0.284138021007799 0 0
1069 0.2842589972935122 0 0
1070 0.2843798125442402 0 0
1071 0.2845004669301121 0 0
1072 0.2846209605769882 0 0
1073 0.2847412938214304 0 0
1074 0.284861466870123 0 0
1075 0.2849814799302962 0 0
1076 0.2851013332097284 0 0
1077 0.2852210269167477 0 0
1078 0.285340561260235 0 0
1079 0.2854599364496255 0 0
1080 0.2855791526949113 0 0
1081 0.2856982102066433 0 0
1082 0.2858171091959337 0 0
1083 0.2859358498744581 0 0
1084 0.286054432454458 0 0
1085 0.2861728571487427 0 0
1086 0.2862911241706919 0 0
1087 0.2864092337342578 0 0
1088 0.2865271860539673 0 0
1089 0.2866449813449248 0 0
1090 0.286762619822814 0 0
1091 0.2868801016632274 0 0
1092 0.2869974269881576 0 0
1093 0.2871145961338248 0 0
1094 0.2872316093182091 0 0
1095 0.2873484667598819 0 0
1096 0.2874651685460078 0 0
1097 0.2875817149012586 0 0
1098 0.2876981061561108 0 0
1099 0.2878143425314785 0 0
1100 0.2879304239412537 0 0
1101 0.2880463508968712 0 0
1102 0.2881621236108518 0 0
1103 0.2882777419702569 0 0
1104 0.2883932065293499 0 0
1105 0.2885085173417153 0 0
1106 0.2886236745647154 0 0
1107 0.2887386786097418 0 0
1108 0.2888535293312147 0 0
1109 0.288968227345999 0 0
1110 0.2890827724402626 0 0
1111 0.2891971652305696 0 0
1112 0.2893114055118599 0 0
1113 0.2894254939058247 0 0
1114 0.2895394301746616 0 0
1115 0.2896532149157431 0 0
1116 0.2897668480660467 0 0
1117 0.289880329943306 0 0
1118 0.2899936608321883 0 0
1119 0.2901068406389329 0 0
1120 0.2902198698799641 0 0
1121 0.2903327486619428 0 0
1122 0.2904454770144209 0 0
1123 0.2905580553707967 0 0
1124 0.2906704839167907 0 0
1125 0.2907827626078128 0 0
1126 0.2908948918451781 0 0
1127 0.2910068718478535 0 0
1128 0.2911187028035468 0 0
1129 0.2912303847762184 0 0
1130 0.2913419180201182 0 0
1131 0.2914533027989061 0 0
1132 0.2915645393023104 0 0
1133 0.2916756277205583 0 0
1134 0.2917865682443794 0 0
1135 0.2918973610712707 0 0
1136 0.2920080063281614 0 0
1137 0.29211850426565 0 0
1138 0.2922288550887491 0 0
1139 0.292339058990758 0 0
1140 0.29244911616549 0 0
1141 0.292559026807274 0 0
1142 0.2926687911109571 0 0
1143 0.2927784092719065 0 0
1144 0.2928878814860112 0 0
1145 0.2929972079496844 0 0
1146 0.2931063888598657 0 0
1147 0.2932154243850307 0 0
1148 0.2933243147265947 0 0
1149 0.293433060100382 0 0
1150 0.2935416607054364 0 0
1151 0.2936501167018837 0 0
1152 0.2937584282812678 0 0
1153 0.2938665956839087 0 0
1154 0.2939746190425701 0 0
1155 0.2940824985834982 0 0
1156 0.2941902345022556 0 0
1157 0.2942978269571247 0 0
1158 0.294405276181292 0 0
1159 0.2945125823298947 0 0
1160 0.2946197456087678 0 0
1161 0.2947267662350682 0 0
1162 0.2948336443219571 0 0
1163 0.2949403801380051 0 0
1164 0.2950469738650566 0 0
1165 0.2951534256199106 0 0
1166 0.2952597356575256 0 0
1167 0.2953659041625378 0 0
1168 0.2954719313187399 0 0
1169 0.2955778173104107 0 0
1170 0.2956835623065195 0 0
1171 0.2957891665054905 0 0
1172 0.2958946301037941 0 0
1173 0.2959999532876967 0 0
1174 0.2961051362439616 0 0
1175 0.2962101791598502 0 0
1176 0.2963150822231245 0 0
1177 0.2964198455962729 0 0
1178 0.2965244694809812 0 0
1179 0.2966289540711445 0 0
1180 0.296733299556525 0 0
1181 0.296837506127395 0 0
1182 0.2969415739414227 0 0
1183 0.2970455031764469 0 0
1184 0.2971492940625116 0 0
1185 0.2972529467641867 0 0
1186 0.2973564614253428 0 0
1187 0.2974598383076251 0 0
1188 0.2975630775091429 0 0
1189 0.2976661792863792 0 0
1190 0.297769143767715 0 0
1191 0.2978719711859514 0 0
1192 0.2979746616626179 0 0
1193 0.298077215461348 0 0
1194 0.2981796326632273 0 0
1195 0.2982819135297118 0 0
1196 0.2983840582446491 0 0
1197 0.2984860669061399 0 0
1198 0.2985879397698472 0 0
1199 0.298689677012622 0 0
1200 0.2987912788096265 0 0
1201 0.2988927453044026 0 0
1202 0.2989940766996175 0 0
1203 0.2990952731853691 0 0
1204 0.2991963349387034 0 0
1205 0.299297262137137 0 0
1206 0.2993980549586588 0 0
1207 0.2994987135817317 0 0
1208 0.2995992381852947 0 0
1209 0.2996996289487648 0 0
1210 0.2997998860520393 0 0
1211 0.2999000096754968 0 0
1212 0.3001000000000528 0 0
1213 0.3002000000001055 0 0
1214 0.3003000000001583 0 0
1215 0.3004000000001337 0 0
1216 0.300500000000094 0 0
1217 0.3006000000000542 0 0
1218 0.3007000000000145 0 0
1219 0.3007999999999747 0 0
1220 0.3008999999999349 0 0
1221 0.3009999999998952 0 0
1222 0.3010999999998554 0 0
1223 0.3011999999998309 0 0
1224 0.3012999999998836 0 0
1225 0.3013999999999364 0 0
1226 0.3014999999999892 0 0
1227 0.3016000000000419 0 0
1228 0.3017000000000947 0 0
1229 0.3018000000001475 0 0
1230 0.3019000000001229 0 0
1231 0.3020000000000831 0 0
1232 0.3021000000000433 0 0
1233 0.3022000000000036 0 0
1234 0.3022999999999639 0 0
1235 0.3023999999999241 0 0
1236 0.3024999999998844 0 0
1237 0.3025999999998446 0 0
1238 0.3026999999998417 0 0
1239 0.3027999999998945 0 0
1240 0.3028999999999472 0 0
1241 0.303099990324503 0 0
1242 0.3032001139479604 0 0
1243 0.3033003710512348 0 0
1244 0.3034007618147048 0 0
1245 0.3035012864182676 0 0
1246 0.3036019450413403 0 0
1247 0.3037027378628619 0 0
1248 0.3038036650612954 0 0
1249 0.3039047268146297 0 0
1250 0.3040059233003811 0 0
1251 0.3041072546955958 0 0
1252 0.3042087211903718 0 0
1253 0.304310322987376 0 0
1254 0.3044120602301507 0 0
1255 0.3045139330938578 0 0
1256 0.3046159417553486 0 0
1257 0.3047180864702856 0 0
1258 0.30482036733677 0 0
1259 0.3049227845386492 0 0
1260 0.3050253383373791 0 0
1261 0.3051280288140455 0 0
1262 0.3052308562322816 0 0
1263 0.3053338207136173 0 0
1264 0.3054369224908535 0 0
1265 0.305540161692371 0 0
1266 0.3056435385746533 0 0
1267 0.3057470532358091 0 0
1268 0.3058507059374841 0 0
1269 0.3059544968235487 0 0
1270 0.3060584260585727 0 0
1271 0.3061624938726002 0 0
1272 0.30626670044347 0 0
1273 0.3063710459288503 0 0
1274 0.3064755305190134 0 0
1275 0.3065801544037216 0 0
1276 0.3066849177768698 0 0
1277 0.306789820840144 0 0
1278 0.3068948637560325 0 0
1279 0.3070000467122971 0 0
1280 0.3071053698961996 0 0
1281 0.307210833494503 0 0
1282 0.3073164376934739 0 0
1283 0.3074221826895825 0 0
1284 0.3075280686812532 0 0
1285 0.307634095837455 0 0
1286 0.3077402643424671 0 0
1287 0.3078465743800818 0 0
1288 0.3079530261349357 0 0
1289 0.308059619861987 0 0
1290 0.3081663556780349 0 0
1291 0.3082732337649236 0 0
1292 0.3083802543912238 0 0
1293 0.3084874176700967 0 0
1294 0.3085947238186993 0 0
1295 0.3087021730428664 0 0
1296 0.3088097654977354 0 0
1297 0.3089175014164926 0 0
1298 0.3090253809574205 0 0
1299 0.3091334043160818 0 0
1300 0.3092415717187225 0 0
1301 0.3093498832981065 0 0
1302 0.3094583392945537 0 0
1303 0.3095669398996079 0 0
1304 0.3096756852733951 0 0
1305 0.309784575614959 0 0
1306 0.3098936111401238 0 0
1307 0.310002792050305 0 0
1308 0.310112118513978 0 0
1309 0.3102215907280824 0 0
1310 0.3103312088890315 0 0
1311 0.3104409731927146 0 0
1312 0.3105508838344984 0 0
1313 0.3106609410092302 0 0
1314 0.3107711449112389 0 0
1315 0.3108814957343378 0 0
1316 0.3109919936718263 0 0
1317 0.3111026389287167 0 0
1318 0.3112134317556079 0 0
1319 0.3113243722794287 0 0
1320 0.3114354606976766 0 0
1321 0.3115466972010806 0 0
1322 0.3116580819798684 0 0
1323 0.3117696152237681 0 0
1324 0.3118812971964394 0 0
1325 0.3119931281521326 0 0
1326 0.3121051081548077 0 0
1327 0.3122172373921729 0 0
1328 0.3123295160831948 0 0
1329 0.3124419446291886 0 0
1330 0.3125545229855642 0 0
1331 0.3126672513380421 0 0
1332 0.3127801301200206 0 0
1333 0.3128931593610516 0 0
1334 0.313006339167796 0 0
1335 0.3131196700566781 0 0
1336 0.3132331519339372 0 0
1337 0.3133467850842406 0 0
1338 0.3134605698253219 0 0
1339 0.3135745060941586 0 0
1340 0.3136885944881233 0 0
1341 0.3138028347694134 0 0
1342 0.3139172275597203 0 0
1343 0.3140317726539837 0 0
1344 0.3141464706687679 0 0
1345 0.3142613213902405 0 0
1346 0.3143763254352667 0 0
1347 0.3144914826582668 0 0
1348 0.314606793470632 0 0
1349 0.3147222580297249 0 0
1350 0.3148378763891297 0 0
1351 0.3149536491031102 0 0
1352 0.3150695760587274 0 0
1353 0.3151856574685025 0 0
1354 0.3153018938438699 0 0
1355 0.315418285098722 0 0
1356 0.3155348314539725 0 0
1357 0.3156515332400983 0 0
1358 0.3157683906817708 0 0
1359 0.315885403866155 0 0
1360 0.316002573011822 0 0
1361 0.316119898336752 0 0
1362 0.3162373801771652 0 0
1363 0.3163550186550542 0 0
1364 0.3164728139460115 0 0
1365 0.3165907662657208 0 0
1366 0.3167088758292864 0 0
1367 0.3168271428512353 0 0
1368 0.3169455675455198 0 0
1369 0.3170641501255196 0 0
1370 0.3171828908040438 0 0
1371 0.317301789793334 0 0
1372 0.3174208473050658 0 0
1373 0.3175400635503514 0 0
1374 0.3176594387397417 0 0
1375 0.3177789730832288 0 0
1376 0.3178986667902479 0 0
1377 0.3180185200696798 0 0
1378 0.3181385331298529 0 0
1379 0.3182587061785452 0 0
1380 0.3183790394229872 0 0
1381 0.3184995330698632 0 0
1382 0.318620187455735 0 0
1383 0.3187410027064624 0 0
1384 0.3188619789921753 0 0
1385 0.3189831165173551 0 0
1386 0.319104415515043 0 0
1387 0.3192258763755254 0 0
1388 0.3193474991013016 0 0
1389 0.3194692838946848 0 0
1390 0.3195912311449451 0 0
1391 0.3197133409867239 0 0
1392 0.3198356135153188 0 0
1393 0.3199580491780866 0 0
1394 0.3200806480359983 0 0
1395 0.3202034102596943 0 0
1396 0.3203263363057887 0 0
1397 0.3204494260648697 0 0
1398 0.3205726801014133 0 0
1399 0.3206960983126341 0 0
1400 0.3208196811901066 0 0
1401 0.3209434287009964 0 0
1402 0.3210673413296905 0 0
1403 0.3211914189832729 0 0
1404 0.3213156622686491 0 0
1405 0.3214400710357798 0 0
1406 0.321564645746203 0 0
1407 0.3216893865358194 0 0
1408 0.3218142935125439 0 0
1409 0.3219393671979441 0 0
1410 0.3220646075520358 0 0
1411 0.3221900147929593 0 0
1412 0.3223155893561638 0 0
1413 0.3224413313185441 0 0
1414 0.3225672408619182 0 0
1415 0.3226933182220547 0 0
1416 0.3228195637888856 0 0
1417 0.3229459776568021 0 0
1418 0.3230725600282848 0 0
1419 0.3231993111366098 0 0
1420 0.3233262312144254 0 0
1421 0.3234533204937539 0 0
1422 0.3235805792515369 0 0
1423 0.3237080076987127 0 0
1424 0.3238356060233208 0 0
1425 0.3239633744549503 0 0
1426 0.3240913132225769 0 0
1427 0.3242194225545655 0 0
1428 0.3243477026786725 0 0
1429 0.3244761538220484 0 0
1430 0.3246047762112398 0 0
1431 0.3247335700721926 0 0
1432 0.3248625356302535 0 0
1433 0.3249916731768474 0 0
1434 0.3251209829097692 0 0
1435 0.3252504650282171 0 0
1436 0.3253801197551245 0 0
1437 0.3255099473128379 0 0
1438 0.3256399479231195 0 0
1439 0.3257701218967463 0 0
1440 0.3259004694782837 0 0
1441 0.3260309907898846 0 0
1442 0.3261616860509545 0 0
1443 0.3262925556237619 0 0
1444 0.3264235997064985 0 0
1445 0.3265548184090199 0 0
1446 0.3266862120893942 0 0
1447 0.3268177809965473 0 0
1448 0.3269495251884602 0 0
1449 0.3270814451647194 0 0
1450 0.3272135409332317 0 0
1451 0.327345812825048 0 0
1452 0.3274782610892968 0 0
1453 0.3276108858788282 0 0
1454 0.3277436875530475 0 0
1455 0.3278766662172197 0 0
1456 0.3280098222107798 0 0
1457 0.3281431557213281 0 0
1458 0.3282766669387742 0 0
1459 0.3284103562622845 0 0
1460 0.3285442236954124 0 0
1461 0.3286782697013247 0 0
1462 0.3288124944042172 0 0
1463 0.328946897967231 0 0
1464 0.3290814808163289 0 0
1465 0.3292162430942907 0 0
1466 0.3293511849769034 0 0
1467 0.3294863067166314 0 0
1468 0.3296216087388145 0 0
1469 0.3297570911133559 0 0
1470 0.3298927540816432 0 0
1471 0.3300285978934689 0 0
1472 0.3301646227979537 0 0
1473 0.3303008290611191 0 0
1474 0.3304372169797037 0 0
1475 0.3305737867178469 0 0
1476 0.3307105385220505 0 0
1477 0.3308474726381567 0 0
1478 0.3309845893113518 0 0
1479 0.3311218887861676 0 0
1480 0.331259371306485 0 0
1481 0.3313970371155359 0 0
1482 0.3315348864559063 0 0
1483 0.3316729195695386 0 0
1484 0.3318111366977341 0 0
1485 0.3319495381307855 0 0
1486 0.3320881241199439 0 0
1487 0.3322268948596861 0 0
1488 0.332365850588733 0 0
1489 0.3325049915451769 0 0
1490 0.3326443179664847 0 0
1491 0.3327838302402794 0 0
1492 0.3329235285077514 0 0
1493 0.3330634129644425 0 0
1494 0.3332034838659059 0 0
1495 0.3333437416597615 0 0
1496 0.3334841863613997 0 0
1497 0.3336248182410421 0 0
1498 0.3337656377589474 0 0
1499 0.3339066448974767 0 0
1500 0.3340478400870892 0 0
1501 0.3341892235092327 0 0
1502 0.3343307953840033 0 0
1503 0.3344725560720646 0 0
1504 0.3346145056769876 0 0
1505 0.3347566446080377 0 0
1506 0.3348989729825475 0 0
1507 0.3350414911284653 0 0
1508 0.3351841993064806 0 0
1509 0.3353270976339947 0 0
1510 0.3354701866439621 0 0
1511 0.3356134663173658 0 0
1512 0.3357569369796296 0 0
1513 0.3359005990339031 0 0
1514 0.336044452547862 0 0
1515 0.3361884977911227 0 0
1516 0.3363327351690953 0 0
1517 0.3364771648501211 0 0
1518 0.336621787048236 0 0
1519 0.3367666020301988 0 0
1520 0.3369116100620498 0 0
1521 0.3370568114767552 0 0
1522 0.337202206494885 0 0
1523 0.3373477953402688 0 0
1524 0.3374935782761457 0 0
1525 0.3376395555650508 0 0
1526 0.3377857274688174 0 0
1527 0.33793209424858 0 0
1528 0.3380786561647774 0 0
1529 0.3382254134771552 0 0
1530 0.3383723664447687 0 0
1531 0.3385195153259852 0 0
1532 0.3386668603784875 0 0
1533 0.3388144018592761 0 0
1534 0.3389621400433165 0 0
1535 0.3391100752684836 0 0
1536 0.3392582077047855 0 0
1537 0.3394065376064792 0 0
1538 0.3395550652271526 0 0
1539 0.3397037908442852 0 0
1540 0.3398527148606734 0 0
1541 0.3400018373685235 0 0
1542 0.3401511586187341 0 0
1543 0.3403006790323429 0 0
1544 0.3404503987805426 0 0
1545 0.340600318035414 0 0
1546 0.340750437308692 0 0
1547 0.3409007566316638 0 0
1548 0.3410512763782659 0 0
1549 0.3412019968197336 0 0
1550 0.3413529181527223 0 0
1551 0.341504040757478 0 0
1552 0.3416553647839865 0 0
1553 0.3418068905912645 0 0
1554 0.3419586184125436 0 0
1555 0.3421105484560635 0 0
1556 0.342262681167529 0 0
1557 0.3424150166007218 0 0
1558 0.3425675551668188 0 0
1559 0.3427202971389028 0 0
1560 0.3428732426786536 0 0
1561 0.343026392109036 0 0
1562 0.3431797458232514 0 0
1563 0.3433333039443485 0 0
1564 0.343487066756143 0 0
1565 0.3436410345416855 0 0
1566 0.343795207637884 0 0
1567 0.3439495863165235 0 0
1568 0.3441041707970085 0 0
1569 0.3442589613594045 0 0
1570 0.3444139582830273 0 0
1571 0.3445691618464458 0 0
1572 0.344724572327485 0 0
1573 0.344880190003229 0 0
1574 0.3450360151500239 0 0
1575 0.345192048043481 0 0
1576 0.3453482889584795 0 0
1577 0.3455047381691692 0 0
1578 0.3456613959489739 0 0
1579 0.3458182625705939 0 0
1580 0.3459753383436321 0 0
1581 0.3461326235915863 0 0
1582 0.3462901185110378 0 0
1583 0.3464478233717797 0 0
1584 0.346605738442897 0 0
1585 0.3467638641205064 0 0
1586 0.3469222006242566 0 0
1587 0.347080748157092 0 0
1588 0.347239507079365 0 0
1589 0.3473984777236739 0 0
1590 0.3475576602092491 0 0
1591 0.3477170550066504 0 0
1592 0.3478766622691785 0 0
1593 0.3480364823077705 0 0
1594 0.3481965154608036 0 0
1595 0.3483567619164943 0 0
1596 0.3485172220676515 0 0
1597 0.3486778961100915 0 0
1598 0.3488387843611058 0 0
1599 0.3489998871537386 0 0
1600 0.349161204624377 0 0
1601 0.3493227373006144 0 0
1602 0.349484485271524 0 0
1603 0.3496464488168801 0 0
1604 0.3498086284112292 0 0
1605 0.3499710241929827 0 0
1606 0.3501336364384908 0 0
1607 0.3502964654481753 0 0
1608 0.3504595116282515 0 0
1609 0.3506227751785124 0 0
1610 0.3507862563728357 0 0
1611 0.3509499555084686 0 0
1612 0.3511138728818614 0 0
1613 0.3512780087886709 0 0
1614 0.3514423635237634 0 0
1615 0.3516069373812181 0 0
1616 0.3517717306543297 0 0
1617 0.3519367436356124 0 0
1618 0.3521019766168022 0 0
1619 0.3522674298888602 0 0
1620 0.3524331037419762 0 0
1621 0.352598998465571 0 0
1622 0.3527651143483002 0 0
1623 0.3529314516780564 0 0
1624 0.3530980107679174 0 0
1625 0.3532647919975085 0 0
1626 0.3534317955491059 0 0
1627 0.3535990217075407 0 0
1628 0.3537664707918068 0 0
1629 0.3539341432245668 0 0
1630 0.3541020391298625 0 0
1631 0.3542701588350138 0 0
1632 0.3544385027870203 0 0
1633 0.3546070710703657 0 0
1634 0.3547758641663171 0 0
1635 0.3549448822546698 0 0
1636 0.3551141256926722 0 0
1637 0.3552835947610429 0 0
1638 0.3554532897780807 0 0
1639 0.3556232109952305 0 0
1640 0.3557933588217165 0 0
1641 0.3559637333842999 0 0
1642 0.3561343352100347 0 0
1643 0.3563051644319307 0 0
1644 0.3564762213360536 0 0
1645 0.3566475064122069 0 0
1646 0.3568190198107527 0 0
1647 0.3569907618301237 0 0
1648 0.3571627327870779 0 0
1649 0.3573349331118258 0 0
1650 0.3575073629981337 0 0
1651 0.3576800227506769 0 0
1652 0.3578529126828655 0 0
1653 0.3580260331072698 0 0
1654 0.358199384335624 0 0
1655 0.3583729666788292 0 0
1656 0.3585467804469568 0 0
1657 0.3587208259492521 0 0
1658 0.3588951034941375 0 0
1659 0.3590696133892151 0 0
1660 0.3592443559412711 0 0
1661 0.3594193314562783 0 0
1662 0.3595945402393994 0 0
1663 0.3597699825949904 0 0
1664 0.359945658826604 0 0
1665 0.3601215693629932 0 0
1666 0.3602977144058321 0 0
1667 0.3604740942463895 0 0
1668 0.3606507091849938 0 0
1669 0.3608275597178069 0 0
1670 0.3610046459659546 0 0
1671 0.3611819682382101 0 0
1672 0.361359527051186 0 0
1673 0.3615373224832531 0 0
1674 0.3617153550070659 0 0
1675 0.3618936248583884 0 0
1676 0.3620721323862665 0 0
1677 0.3622508778955219 0 0
1678 0.3624298617278637 0 0
1679 0.3626090841271449 0 0
1680 0.3627885455574458 0 0
1681 0.3629682461540597 0 0
1682 0.3631481863872206 0 0
1683 0.36332836652562 0 0
1684 0.3635087868231824 0 0
1685 0.3636894476726948 0 0
1686 0.3638703494403828 0 0
1687 0.3640514923521893 0 0
1688 0.3642328767402228 0 0
1689 0.3644145029356987 0 0
1690 0.3645963712896144 0 0
1691 0.3647784821566166 0 0
1692 0.3649608358029804 0 0
1693 0.3651434325564301 0 0
1694 0.3653262727438147 0 0
1695 0.3655093566911117 0 0
1696 0.3656926847234304 0 0
1697 0.3658762571650155 0 0
1698 0.3660600743392504 0 0
1699 0.3662441365686606 0 0
1700 0.3664284442218636 0 0
1701 0.3666129976213581 0 0
1702 0.3667977970544685 0 0
1703 0.3669828428402808 0 0
1704 0.3671681352970404 0 0
1705 0.3673536748247904 0 0
1706 0.367539461750657 0 0
1707 0.3677254963129607 0 0
1708 0.3679117788848261 0 0
1709 0.3680983098875802 0 0
1710 0.3682850894845641 0 0
1711 0.3684721181678863 0 0
1712 0.3686593961609787 0 0
1713 0.3688469238413116 0 0
1714 0.3690347015362503 0 0
1715 0.3692227295809649 0 0
1716 0.3694110082765417 0 0
1717 0.3695995380457447 0 0
1718 0.3697883190725597 0 0
1719 0.3699773518804529 0 0
1720 0.3701666366748336 0 0
1721 0.3703561737690969 0 0
1722 0.3705459636199638 0 0
1723 0.3707360065085878 0 0
1724 0.3709263027310751 0 0
1725 0.3711168526357829 0 0
1726 0.3713076565701328 0 0
1727 0.3714987149470261 0 0
1728 0.3716900280394913 0 0
1729 0.3718815961818942 0 0
1730 0.3720734197179936 0 0
1731 0.3722654989906311 0 0
1732 0.372457834341734 0 0
1733 0.3726504261123199 0 0
1734 0.3728432746424997 0 0
1735 0.3730363802714812 0 0
1736 0.3732297433375731 0 0
1737 0.3734233642412033 0 0
1738 0.3736172432945248 0 0
1739 0.3738113808104825 0 0
1740 0.3740057771237814 0 0
1741 0.3742004325682448 0 0
1742 0.3743953476347471 0 0
1743 0.3745905225212965 0 0
1744 0.3747859575509756 0 0
1745 0.374981653234303 0 0
1746 0.3751776097699163 0 0
1747 0.3753738275389787 0 0
1748 0.3755703069579506 0 0
1749 0.3757670482519097 0 0
1750 0.3759640519243205 0 0
1751 0.3761613181746744 0 0
1752 0.3763588474633187 0 0
1753 0.3765566400939639 0 0
1754 0.3767546963544086 0 0
1755 0.3769530167816994 0 0
1756 0.3771516015490631 0 0
1757 0.3773504510242938 0 0
1758 0.3775495656859761 0 0
1759 0.3777489458006784 0 0
1760 0.3779485917041314 0 0
1761 0.3781485037602294 0 0
1762 0.3783486823318905 0 0
1763 0.3785491277925306 0 0
1764 0.3787498405228836 0 0
1765 0.3789508208353918 0 0
1766 0.3791520690891507 0 0
1767 0.379353585642299 0 0
1768 0.3795553708520218 0 0
1769 0.3797574250745552 0 0
1770 0.3799597486965283 0 0
1771 0.3801623420804082 0 0
1772 0.3803652055561891 0 0
1773 0.3805683394763048 0 0
1774 0.3807717441922578 0 0
1775 0.3809754200546245 0 0
1776 0.3811793675617397 0 0
1777 0.3813835869321063 0 0
1778 0.3815880785108781 0 0
1779 0.3817928427972887 0 0
1780 0.3819978800476403 0 0
1781 0.3822031906145549 0 0
1782 0.3824087749799678 0 0
1783 0.3826146333324487 0 0
1784 0.3828207662487066 0 0
1785 0.3830271738838008 0 0
1786 0.383233856779051 0 0
1787 0.3834408151858539 0 0
1788 0.3836480494806684 0 0
1789 0.3838555601403871 0 0
1790 0.3840633473977877 0 0
1791 0.3842714116367284 0 0
1792 0.3844797533675954 0 0
1793 0.3846883728309322 0 0
1794 0.3848972704046609 0 0
1795 0.3851064464685715 0 0
1796 0.3853159014014358 0 0
1797 0.3855256355810121 0 0
1798 0.3857356494163572 0 0
1799 0.3859459432346362 0 0
1800 0.3861565174105853 0 0
1801 0.3863673723179905 0 0
1802 0.3865785083306321 0 0
1803 0.386789925867124 0 0
1804 0.3870016252665815 0 0
1805 0.3872136068987953 0 0
1806 0.3874258711325778 0 0
1807 0.3876384183357676 0 0
1808 0.3878512488852363 0 0
1809 0.388064363272322 0 0
1810 0.3882777617423683 0 0
1811 0.3884914446593131 0 0
1812 0.3887054125512292 0 0
1813 0.3889196656592269 0 0
1814 0.3891342043949828 0 0
1815 0.3893490292016826 0 0
1816 0.3895641403502764 0 0
1817 0.3897795383552916 0 0
1818 0.3899952234773695 0 0
1819 0.3902111961723411 0 0
1820 0.390427456820264 0 0
1821 0.3906440057211842 0 0
1822 0.3908608434068339 0 0
1823 0.3910779701630888 0 0
1824 0.3912953863571202 0 0
1825 0.3915130923923902 0 0
1826 0.3917310887527123 0 0
1827 0.3919493757261822 0 0
1828 0.3921679537080012 0 0
1829 0.3923868230923119 0 0
1830 0.3926059842722039 0 0
1831 0.392825437639717 0 0
1832 0.393045183585846 0 0
1833 0.3932652225005446 0 0
1834 0.3934855547727295 0 0
1835 0.3937061807902845 0 0
1836 0.3939271009400652 0 0
1837 0.3941483156079019 0 0
1838 0.3943698251948063 0 0
1839 0.3945916302231414 0 0
1840 0.3948137309448085 0 0
1841 0.3950361277415175 0 0
1842 0.3952588209939743 0 0
1843 0.3954818110818841 0 0
1844 0.3957050983839561 0 0
1845 0.3959286835677369 0 0
1846 0.3961525668825484 0 0
1847 0.3963767485729781 0 0
1848 0.3966012290137069 0 0
1849 0.3968260088784982 0 0
1850 0.3970510885193841 0 0
1851 0.397276468059705 0 0
1852 0.3975021480230914 0 0
1853 0.3977281291480204 0 0
1854 0.3979544113123456 0 0
1855 0.3981809951821302 0 0
1856 0.3984078812965169 0 0
1857 0.3986350695811975 0 0
1858 0.3988625611349053 0 0
1859 0.3990903557163291 0 0
1860 0.3993184541219769 0 0
1861 0.3995468565752256 0 0
1862 0.3997755635345926 0 0
1863 0.4000045754263475 0 0
1864 0.400233892632149 0 0
1865 0.4004635155207579 0 0
1866 0.4006934446567171 0 0
1867 0.4009236800922608 0 0
1868 0.4011542228331804 0 0
1869 0.4013850726219936 0 0
1870 0.4016162303693715 0 0
1871 0.4018476962919201 0 0
1872 0.4020794705720551 0 0
1873 0.4023115541651257 0 0
1874 0.4025439470875692 0 0
1875 0.4027766496668504 0 0
1876 0.4030096626112972 0 0
1877 0.4032429863214997 0 0
1878 0.4034766209774733 0 0
1879 0.4037105670178227 0 0
1880 0.4039448250069261 0 0
1881 0.4041793954872204 0 0
1882 0.4044142786271693 0 0
1883 0.4046494748607425 0 0
1884 0.404884984620741 0 0
1885 0.4051208083388 0 0
1886 0.4053569464453954 0 0
1887 0.4055933994311671 0 0
1888 0.4058301677322126 0 0
1889 0.4060672516734998 0 0
1890 0.4063046516809977 0 0
1891 0.406542368179538 0 0
1892 0.4067804015928198 0 0
1893 0.4070187523434137 0 0
1894 0.4072574208527666 0 0
1895 0.4074964075412059 0 0
1896 0.4077357128279445 0 0
1897 0.40797533722997 0 0
1898 0.4082152811601101 0 0
1899 0.4084555449714891 0 0
1900 0.4086961290788193 0 0
1901 0.4089370338957215 0 0
1902 0.4091782598347278 0 0
1903 0.409419807307286 0 0
1904 0.4096616770000789 0 0
1905 0.4099038691876564 0 0
1906 0.410146384168026 0 0
1907 0.4103892223482601 0 0
1908 0.4106323844341234 0 0
1909 0.4108758707762731 0 0
1910 0.4111196815641716 0 0
1911 0.4113638174003949 0 0
1912 0.4116082789274649 0 0
1913 0.411853066136228 0 0
1914 0.4120981798182629 0 0
1915 0.4123436203229329 0 0
1916 0.4125893878112773 0 0
1917 0.4128354833261734 0 0
1918 0.4130819065710255 0 0
1919 0.4133286586923494 0 0
1920 0.4135757394703358 0 0
1921 0.4138231499489401 0 0
1922 0.4140708899517731 0 0
1923 0.414318960604655 0 0
1924 0.4145673616327846 0 0
1925 0.4148160941495832 0 0
1926 0.4150651580927326 0 0
1927 0.4153145540553415 0 0
1928 0.4155642827063844 0 0
1929 0.4158143440740051 0 0
1930 0.4160647389175857 0 0
1931 0.4163154676975743 0 0
1932 0.416566530590863 0 0
1933 0.4168179281136576 0 0
1934 0.4170696611022687 0 0
1935 0.41732172958981 0 0
1936 0.4175741340469066 0 0
1937 0.4178268749429114 0 0
1938 0.4180799529226044 0 0
1939 0.4183333683812704 0 0
1940 0.4185871216461035 0 0
1941 0.4188412131815057 0 0
1942 0.4190956434506314 0 0
1943 0.4193504129153924 0 0
1944 0.4196055220364628 0 0
1945 0.4198609712732841 0 0
1946 0.4201167610840704 0 0
1947 0.4203728919258126 0 0
1948 0.4206293642542838 0 0
1949 0.4208861785240441 0 0
1950 0.4211433351884457 0 0
1951 0.421400834699637 0 0
1952 0.4216586775085682 0 0
1953 0.4219168640649952 0 0
1954 0.4221753948174851 0 0
1955 0.4224342702134206 0 0
1956 0.4226934906990046 0 0
1957 0.4229530567816463 0 0
1958 0.4232129691147092 0 0
1959 0.4234732279005741 0 0
1960 0.4237338335806886 0 0
1961 0.4239947865953441 0 0
1962 0.4242560877238695 0 0
1963 0.4245177372174331 0 0
1964 0.4247797353906793 0 0
1965 0.4250420828918449 0 0
1966 0.4253047803192147 0 0
1967 0.4255678277606726 0 0
1968 0.4258312260257783 0 0
1969 0.4260949754744704 0 0
1970 0.4263590763461595 0 0
1971 0.4266235296464862 0 0
1972 0.426888335171567 0 0
1973 0.4271534940821187 0 0
1974 0.4274190061755184 0 0
1975 0.427684872566474 0 0
1976 0.4279510930482698 0 0
1977 0.4282176688645267 0 0
1978 0.4284845997663359 0 0
1979 0.4287518867212815 0 0
1980 0.4290195299796099 0 0
1981 0.4292875298619305 0 0
1982 0.4295558873958795 0 0
1983 0.4298246025141114 0 0
1984 0.4300936757259652 0 0
1985 0.4303631079968957 0 0
1986 0.4306328993576389 0 0
1987 0.4309030502980988 0 0
1988 0.4311735613462451 0 0
1989 0.4314444332973024 0 0
1990 0.4317156663024006 0 0
1991 0.4319872608614848 0 0
1992 0.4322592174731539 0 0
1993 0.4325315366346659 0 0
1994 0.4328042188419433 0 0
1995 0.4330772646663975 0 0
1996 0.4333506745588677 0 0
1997 0.433624448944156 0 0
1998 0.4338985883129841 0 0
1999 0.4341730931547644 0 0
2000 0.434447963957605 0 0
2001 0.4347232012083156 0 0
2002 0.4349988053924119 0 0
2003 0.4352747769941217 0 0
2004 0.4355511165905851 0 0
2005 0.4358278246555477 0 0
2006 0.4361049016151073 0 0
2007 0.436382347948304 0 0
2008 0.4366601641329153 0 0
2009 0.4369383506454608 0 0
2010 0.4372169080136658 0 0
2011 0.4374958369798325 0 0
2012 0.4377751377274689 0 0
2013 0.4380548107280304 0 0
2014 0.438334856591425 0 0
2015 0.4386152760079598 0 0
2016 0.4388960691155486 0 0
2017 0.4391772365280092 0 0
2018 0.4394587790118345 0 0
2019 0.4397406966133861 0 0
2020 0.4400229902417331 0 0
2021 0.4403056601562485 0 0
2022 0.4405887068844213 0 0
2023 0.4408721310778651 0 0
2024 0.4411559329972936 0 0
2025 0.4414401134251529 0 0
2026 0.4417246726161357 0 0
2027 0.4420096112235034 0 0
2028 0.4422949297552963 0 0
2029 0.4425806284769543 0 0
2030 0.4428667084078579 0 0
2031 0.4431531695295131 0 0
2032 0.443440012545805 0 0
2033 0.4437272381665187 0 0
2034 0.4440148465715658 0 0
2035 0.4443028383005452 0 0
2036 0.4445912142504511 0 0
2037 0.4448799745950716 0 0
2038 0.4451691198402655 0 0
2039 0.4454586505199107 0 0
2040 0.4457485672048129 0 0
2041 0.4460388705730354 0 0
2042 0.4463295609356781 0 0
2043 0.4466206388209884 0 0
2044 0.4469121047557978 0 0
2045 0.4472039592655277 0 0
2046 0.447496202874195 0 0
2047 0.4477888361044179 0 0
2048 0.4480818594774213 0 0
2049 0.4483752735130424 0 0
2050 0.4486690787297362 0 0
2051 0.4489632756445808 0 0
2052 0.4492578647732841 0 0
2053 0.4495528466301872 0 0
2054 0.4498482217282714 0 0
2055 0.4501439906150935 0 0
2056 0.4504401539919866 0 0
2057 0.4507367121726604 0 0
2058 0.4510336656646248 0 0
2059 0.4513310149740567 0 0
2060 0.4516287607737984 0 0
2061 0.4519269036542549 0 0
2062 0.4522254438941064 0 0
2063 0.4525243820313735 0 0
2064 0.4528237190097496 0 0
2065 0.453123454877142 0 0
2066 0.4534235903291962 0 0
2067 0.4537241260773836 0 0
2068 0.4540250622320466 0 0
2069 0.4543263999365784 0 0
2070 0.4546281390893741 0 0
2071 0.4549302807732338 0 0
2072 0.455232825009694 0 0
2073 0.4555357728828591 0 0
2074 0.4558391243569581 0 0
2075 0.4561428805381493 0 0
2076 0.4564470415276838 0 0
2077 0.4567516079891656 0 0
2078 0.4570565806747873 0 0
2079 0.4573619597868008 0 0
2080 0.4576677460143785 0 0
2081 0.4579739401046182 0 0
2082 0.4582805423053086 0 0
2083 0.4585875531859794 0 0
2084 0.4588949733957276 0 0
2085 0.4592028036118562 0 0
2086 0.4595110441741637 0 0
2087 0.4598196956461558 0 0
2088 0.4601287585898245 0 0
2089 0.4604382335656548 0 0
2090 0.4607481211326308 0 0
2091 0.4610584218482408 0 0
2092 0.4613691362684844 0 0
2093 0.4616802649478783 0 0
2094 0.4619918084394614 0 0
2095 0.4623037672948014 0 0
2096 0.4626161420640005 0 0
2097 0.4629289332957012 0 0
2098 0.4632421415370923 0 0
2099 0.4635557673339144 0 0
2100 0.4638698112304656 0 0
2101 0.4641842737696077 0 0
2102 0.4644991555029957 0 0
2103 0.4648144572611834 0 0
2104 0.4651301793136209 0 0
2105 0.4654463221973966 0 0
2106 0.4657628864817134 0 0
2107 0.4660798730726981 0 0
2108 0.4663972821291618 0 0
2109 0.4667151142219831 0 0
2110 0.4670333703366263 0 0
2111 0.4673520505378707 0 0
2112 0.4676711556896323 0 0
2113 0.4679906862733838 0 0
2114 0.4683106427825257 0 0
2115 0.4686310259714702 0 0
2116 0.4689518361851485 0 0
2117 0.4692730741901406 0 0
2118 0.4695947404430337 0 0
2119 0.4699168354631907 0 0
2120 0.4702393600775994 0 0
2121 0.4705623144891123 0 0
2122 0.4708856995863398 0 0
2123 0.4712095158526497 0 0
2124 0.4715337637054307 0 0
2125 0.4718584438557313 0 0
2126 0.4721835570287683 0 0
2127 0.4725091035634198 0 0
2128 0.472835084059359 0 0
2129 0.4731614991146451 0 0
2130 0.4734883494116978 0 0
2131 0.4738156355449186 0 0
2132 0.4741433579891238 0 0
2133 0.4744715173360677 0 0
2134 0.4748001141759214 0 0
2135 0.4751291490972796 0 0
2136 0.4754586226871672 0 0
2137 0.4757885355310453 0 0
2138 0.4761188882128177 0 0
2139 0.4764496813148367 0 0
2140 0.4767809154179094 0 0
2141 0.4771125911013044 0 0
2142 0.4774447089522168 0 0
2143 0.477777269745711 0 0
2144 0.4781102738800421 0 0
2145 0.4784437219282994 0 0
2146 0.4787776144620638 0 0
2147 0.479111952132517 0 0
2148 0.4794467357241365 0 0
2149 0.4797819655384762 0 0
2150 0.48011764214106 0 0
2151 0.4804537665497345 0 0
2152 0.4807903389246572 0 0
2153 0.4811273599773869 0 0
2154 0.4814648304951552 0 0
2155 0.4818027506874444 0 0
2156 0.4821411217059011 0 0
2157 0.4824799435225994 0 0
2158 0.4828192173843662 0 0
2159 0.4831589432891396 0 0
2160 0.4834991223323517 0 0
2161 0.4838397547837396 0 0
2162 0.4841808413261931 0 0
2163 0.4845223827670786 0 0
2164 0.4848643794040812 0 0
2165 0.4852068319773328 0 0
2166 0.4855497412766734 0 0
2167 0.4858931076506656 0 0
2168 0.4862369317332752 0 0
2169 0.4865812141800426 0 0
2170 0.4869259557983126 0 0
2171 0.4872711569838203 0 0
2172 0.4876168183638291 0 0
2173 0.4879629405639212 0 0
2174 0.4883095242080042 0 0
2175 0.4886565699183182 0 0
2176 0.4890040783154422 0 0
2177 0.4893520500183008 0 0
2178 0.4897004856441709 0 0
2179 0.4900493858086884 0 0
2180 0.4903987511258542 0 0
2181 0.4907485822080414 0 0
2182 0.4910988796660012 0 0
2183 0.4914496441088696 0 0
2184 0.4918008762016003 0 0
2185 0.4921525766986011 0 0
2186 0.4925047460300538 0 0
2187 0.4928573847986136 0 0
2188 0.4932104936421301 0 0
2189 0.4935640734780862 0 0
2190 0.4939181245810667 0 0
2191 0.4942726475937603 0 0
2192 0.4946276435052825 0 0
2193 0.4949831124991692 0 0
2194 0.4953390555142864 0 0
2195 0.4956954730281165 0 0
2196 0.4960523657169244 0 0
2197 0.4964097342297488 0 0
2198 0.4967675791948227 0 0
2199 0.4971259011725098 0 0
2200 0.4974847010026041 0 0
2201 0.4978439789963129 0 0
2202 0.498203736168103 0 0
2203 0.4985639729171272 0 0
2204 0.4989246898168126 0 0
2205 0.4992858877514238 0 0
2206 0.4996475672657152 0 0
2207 0.5000097289019099 0 0
2208 0.500372373324673 0 0
2209 0.5007355012032251 0 0
2210 0.5010991133602102 0 0
2211 0.5014632102541358 0 0
2212 0.5018277925426482 0 0
2213 0.5021928608816345 0 0
2214 0.5025584159252299 0 0
2215 0.5029244583258243 0 0
2216 0.50329098873407 0 0
2217 0.5036580077988879 0 0
2218 0.5040255161674747 0 0
2219 0.5043935144853101 0 0
2220 0.5047620033961627 0 0
2221 0.5051309835986967 0 0
2222 0.5055004558351974 0 0
2223 0.505870420617717 0 0
2224 0.5062408785831658 0 0
2225 0.5066118303667776 0 0
2226 0.5069832768505108 0 0
2227 0.5073552185447787 0 0
2228 0.5077276559843869 0 0
2229 0.508100590069428 0 0
2230 0.5084740213546303 0 0
2231 0.5088479503480077 0 0
2232 0.5092223781059986 0 0
2233 0.5095973047976219 0 0
2234 0.5099727316028496 0 0
2235 0.5103486586517824 0 0
2236 0.5107250871809772 0 0
2237 0.5111020173479275 0 0
2238 0.5114794501478377 0 0
2239 0.5118573861403578 0 0
2240 0.5122358258605106 0 0
2241 0.5126147702941056 0 0
2242 0.5129942199070269 0 0
2243 0.5133741753224709 0 0
2244 0.5137546372394805 0 0
2245 0.5141356065670013 0 0
2246 0.5145170837710218 0 0
2247 0.5148990695295008 0 0
2248 0.5152815645340894 0 0
2249 0.5156645694745875 0 0
2250 0.5160480850389508 0 0
2251 0.5164321119132981 0 0
2252 0.5168166507819194 0 0
2253 0.5172017023272821 0 0
2254 0.5175872672300389 0 0
2255 0.5179733461690352 0 0
2256 0.5183599398213159 0 0
2257 0.5187470488621324 0 0
2258 0.5191346739649505 0 0
2259 0.5195228158390812 0 0
2260 0.5199114753386991 0 0
2261 0.5203006529418416 0 0
2262 0.520690349314817 0 0
2263 0.5210805652441308 0 0
2264 0.5214713015362993 0 0
2265 0.5218625586181843 0 0
2266 0.5222543373885638 0 0
2267 0.5226466385091005 0 0
2268 0.523039462523752 0 0
2269 0.5234328104323103 0 0
2270 0.52382668256384 0 0
2271 0.5242210799951447 0 0
2272 0.5246160031008778 0 0
2273 0.5250114527751263 0 0
2274 0.5254074296972284 0 0
2275 0.5258039343939869 0 0
2276 0.5262009678858035 0 0
2277 0.5265985306667177 0 0
2278 0.5269966233970923 0 0
2279 0.5273952468399857 0 0
2280 0.5277944018883495 0 0
2281 0.5281940890437094 0 0
2282 0.5285943090324332 0 0
2283 0.5289950625789418 0 0
2284 0.5293963504057175 0 0
2285 0.5297981732333104 0 0
2286 0.5302005317803484 0 0
2287 0.5306034267635424 0 0
2288 0.5310068588976955 0 0
2289 0.5314108288957107 0 0
2290 0.531815337468597 0 0
2291 0.5322203853254792 0 0
2292 0.5326259731736033 0 0
2293 0.5330321017183451 0 0
2294 0.5334387716955449 0 0
2295 0.5338459840043989 0 0
2296 0.5342537391466138 0 0
2297 0.5346620378200737 0 0
2298 0.5350708809002993 0 0
2299 0.5354802691127626 0 0
2300 0.5358902029705798 0 0
2301 0.5363006835209528 0 0
2302 0.5367117112248564 0 0
2303 0.5371232869459413 0 0
2304 0.5375354113695442 0 0
2305 0.5379480852575647 0 0
2306 0.5383613092591909 0 0
2307 0.5387750842944508 0 0
2308 0.5391894108153235 0 0
2309 0.539604289864268 0 0
2310 0.5400197220060263 0 0
2311 0.5404357079107911 0 0
2312 0.5408522484474945 0 0
2313 0.5412693444111585 0 0
2314 0.5416869963971192 0 0
2315 0.5421052051654884 0 0
2316 0.5425239714743415 0 0
2317 0.542943296079722 0 0
2318 0.5433631797356524 0 0
2319 0.5437836231980961 0 0
2320 0.5442046272171641 0 0
2321 0.5446261925168061 0 0
2322 0.5450483198750029 0 0
2323 0.545471010023814 0 0
2324 0.5458942637052993 0 0
2325 0.5463180816595514 0 0
2326 0.5467424646247052 0 0
2327 0.5471674133369453 0 0
2328 0.547592928567376 0 0
2329 0.5480190112571854 0 0
2330 0.5484456619227203 0 0
2331 0.548872881292356 0 0
2332 0.5493006704062411 0 0
2333 0.5497290297718873 0 0
2334 0.5501579601716476 0 0
2335 0.5505874625506642 0 0
2336 0.5510175373764378 0 0
2337 0.5514481857700954 0 0
2338 0.5518794081452999 0 0
2339 0.5523112055389092 0 0
2340 0.5527435785703742 0 0
2341 0.5531765279334118 0 0
2342 0.5536100547115079 0 0
2343 0.5540441593662442 0 0
2344 0.5544788426970196 0 0
2345 0.554914105635413 0 0
2346 0.5553499489096084 0 0
2347 0.5557863732121682 0 0
2348 0.5562233793340237 0 0
2349 0.5566609680639891 0 0
2350 0.5570991401887695 0 0
2351 0.5575378964929688 0 0
2352 0.5579772377590979 0 0
2353 0.558417164767584 0 0
2354 0.5588576782967781 0 0
2355 0.5592987791229642 0 0
2356 0.5597404680203661 0 0
2357 0.5601827457611566 0 0
2358 0.5606256131153546 0 0
2359 0.561069070869294 0 0
2360 0.5615131201306896 0 0
2361 0.5619577613515028 0 0
2362 0.5624029952936462 0 0
2363 0.5628488227170303 0 0
2364 0.5632952443795702 0 0
2365 0.5637422610452167 0 0
2366 0.5641898743407248 0 0
2367 0.5646380841998223 0 0
2368 0.5650868913723612 0 0
2369 0.5655362966062378 0 0
2370 0.5659863017555373 0 0
2371 0.5664369065532531 0 0
2372 0.5668881117060947 0 0
2373 0.5673399189106416 0 0
2374 0.5677923283869404 0 0
2375 0.5682453404938581 0 0
2376 0.5686989573544621 0 0
2377 0.56915317850657 0 0
2378 0.5696080052373665 0 0
2379 0.5700634386038059 0 0
2380 0.5705194786288301 0 0
2381 0.5709761273617895 0 0
2382 0.5714333840867852 0 0
2383 0.5718912513216362 0 0
2384 0.5723497281342014 0 0
2385 0.5728088169896327 0 0
2386 0.5732685172593646 0 0
2387 0.5737288308375146 0 0
2388 0.5741897579161522 0 0
2389 0.574651299302741 0 0
2390 0.5751134565243073 0 0
2391 0.575576229360707 0 0
2392 0.5760396194697075 0 0
2393 0.5765036274831348 0 0
2394 0.5769682537186606 0 0
2395 0.5774334995850836 0 0
2396 0.577899365991613 0 0
2397 0.5783658532067662 0 0
2398 0.5788329621106907 0 0
2399 0.579300694150152 0 0
2400 0.5797690498652963 0 0
2401 0.580238029828291 0 0
2402 0.580707634909967 0 0
2403 0.5811778659788064 0 0
2404 0.5816487240229721 0 0
2405 0.582120210136554 0 0
2406 0.5825923247625471 0 0
2407 0.5830650687603015 0 0
2408 0.5835384429868636 0 0
2409 0.5840124482969834 0 0
2410 0.584487085543126 0 0
2411 0.5849623555754785 0 0
2412 0.5854382592419609 0 0
2413 0.5859147973882353 0 0
2414 0.5863919708577122 0 0
2415 0.5868697804915636 0 0
2416 0.5873482271287278 0 0
2417 0.5878273116059213 0 0
2418 0.588307034757646 0 0
2419 0.5887873974161986 0 0
2420 0.5892684005445366 0 0
2421 0.5897500452685849 0 0
2422 0.5902323320466343 0 0
2423 0.590715261702081 0 0
2424 0.591198835056159 0 0
2425 0.5916830529279489 0 0
2426 0.592167916914786 0 0
2427 0.5926534272172919 0 0
2428 0.5931395845443458 0 0
2429 0.5936263898455391 0 0
2430 0.5941138447889267 0 0
2431 0.5946019492436385 0 0
2432 0.5950907040994221 0 0
2433 0.595580111314673 0 0
2434 0.5960701705082043 0 0
2435 0.5965608830931368 0 0
2436 0.5970522501504942 0 0
2437 0.5975442717142332 0 0
2438 0.5980369500572496 0 0
2439 0.5985302844669405 0 0
2440 0.5990242773072194 0 0
2441 0.599518928038403 0 0
2442 0.6000142389414238 0 0
2443 0.60051020941448 0 0
2444 0.6010068419634544 0 0
2445 0.6015041359990984 0 0
2446 0.6020020933397716 0 0
2447 0.6025007145357215 0 0